1619141962603998802 0.114537283778 -0.00692351069301 0.0 0.0 0.0 -0.754292666912 0.656538307667
1619141963129997516 0.114537283778 -0.00692351069301 0.0 0.0 0.0 -0.754602313042 0.656182408333
1619141963632008671 0.114537283778 -0.00692351069301 0.0 0.0 0.0 -0.754503309727 0.6562961936
1619141964133829069 0.114537268877 -0.00692350836471 0.0 0.0 0.0 -0.754277288914 0.656555950642
1619141964674602783 0.114360228181 -0.00817659962922 0.0 0.0 0.0 -0.754934072495 0.655800640583
1619141965196972492 0.113283708692 -0.0158209260553 0.0 0.0 0.0 -0.754833579063 0.655916392803
1619141965712817763 0.111750051379 -0.0266725979745 0.0 0.0 0.0 -0.755494117737 0.655155420303
1619141966251913696 0.110113665462 -0.0379698164761 0.0 0.0 0.0 -0.756464719772 0.654034495354
1619141966771506954 0.108239270747 -0.0507670268416 0.0 0.0 0.0 -0.756909191608 0.653520107269
1619141967275159158 0.10541459173 -0.0699737295508 0.0 0.0 0.0 -0.757001161575 0.653413534164
1619141967806531833 0.102228343487 -0.0915064662695 0.0 0.0 0.0 -0.756825983524 0.653616428375
1619141968320574948 0.0994630381465 -0.110593929887 0.0 0.0 0.0 -0.755893230438 0.654694914818
1619141968858446643 0.095824226737 -0.135820701718 0.0 0.0 0.0 -0.755847752094 0.65474742651
1619141969360004152 0.0921188667417 -0.161319121718 0.0 0.0 0.0 -0.755638182163 0.654989302158
1619141969872914571 0.088048890233 -0.189782559872 0.0 0.0 0.0 -0.755123913288 0.655582070351
1619141970377944902 0.0835434049368 -0.221993133426 0.0 0.0 0.0 -0.753644943237 0.657281756401
1619141970898405287 0.0794038549066 -0.252159178257 0.0 0.0 0.0 -0.754580676556 0.656207323074
1619141971432877234 0.0751191526651 -0.282841712236 0.0 0.0 0.0 -0.754247605801 0.656590104103
1619141971960236088 0.0709974244237 -0.312499195337 0.0 0.0 0.0 -0.753824293613 0.657076060772
1619141972475148058 0.0662591531873 -0.347054004669 0.0 0.0 0.0 -0.753600418568 0.657332777977
1619141972992488203 0.0621584355831 -0.37663769722 0.0 0.0 0.0 -0.754139363766 0.656714439392
1619141973509237444 0.0579329654574 -0.407277345657 0.0 0.0 0.0 -0.75264942646 0.658421516418
1619141974044423312 0.0535130687058 -0.440598070621 0.0 0.0 0.0 -0.752235770226 0.658894002438
1619141974593919114 0.0490256808698 -0.473577737808 0.0 0.0 0.0 -0.753899216652 0.65699005127
1619141975102195461 0.0451343767345 -0.501478433609 0.0 0.0 0.0 -0.755056500435 0.655659735203
1619141975635842499 0.0396821349859 -0.534899294376 0.0 0.0 0.0 -0.769058346748 0.639178574085
1619141976151771680 0.0331467539072 -0.563539028168 0.0 0.0 0.0 -0.796333670616 0.604857623577
1619141976652201864 0.0232066977769 -0.593240737915 0.0 0.0 0.0 -0.826436638832 0.563029766083
1619141977192643404 0.0104497885332 -0.62162488699 0.0 0.0 0.0 -0.853026688099 0.521867275238
1619141977727104166 -0.00704941479489 -0.650701344013 0.0 0.0 0.0 -0.888763904572 0.458365261555
1619141978264601716 -0.0282090902328 -0.675952494144 0.0 0.0 0.0 -0.922136068344 0.386865705252
1619141978771028731 -0.0516691170633 -0.696410894394 0.0 0.0 0.0 -0.948739945889 0.31605771184
1619141979303698816 -0.0776808857918 -0.713141977787 0.0 0.0 0.0 -0.969084560871 0.246728733182
1619141979816543180 -0.105939641595 -0.726019442081 0.0 0.0 0.0 -0.984385073185 0.176028430462
1619141980336902635 -0.134981215 -0.734475076199 0.0 0.0 0.0 -0.994273424149 0.106865823269
1619141980843422883 -0.166951268911 -0.739037871361 0.0 0.0 0.0 -0.999336898327 0.0364104621112
1619141981383001235 -0.199784725904 -0.739662766457 0.0 0.0 0.0 -0.999906480312 -0.0136773334816
1619141981902958771 -0.228298485279 -0.738253772259 0.0 0.0 0.0 -0.999429166317 -0.0337836071849
1619141982406447325 -0.260853588581 -0.735201776028 0.0 0.0 0.0 -0.99824398756 -0.0592367984354
1619141982907147234 -0.292637348175 -0.730768144131 0.0 0.0 0.0 -0.996764779091 -0.0803741589189
1619141983431768997 -0.328618913889 -0.72395670414 0.0 0.0 0.0 -0.994293451309 -0.106679588556
1619141983969744042 -0.365914851427 -0.714848697186 0.0 0.0 0.0 -0.991188108921 -0.132462024689
1619141984500502724 -0.405119925737 -0.70320212841 0.0 0.0 0.0 -0.987841844559 -0.155462309718
1619141985002251268 -0.43732342124 -0.691942036152 0.0 0.0 0.0 -0.983815491199 -0.179184615612
1619141985566890743 -0.470812499523 -0.678422152996 0.0 0.0 0.0 -0.979414999485 -0.201857089996
1619141986109876380 -0.508334577084 -0.661038041115 0.0 0.0 0.0 -0.974012136459 -0.226495802402
1619141986636562110 -0.541179001331 -0.643892526627 0.0 0.0 0.0 -0.967731118202 -0.251985192299
1619141987195384194 -0.571913361549 -0.625858545303 0.0 0.0 0.0 -0.962149441242 -0.272522360086
1619141987700772898 -0.602152526379 -0.606252014637 0.0 0.0 0.0 -0.955554246902 -0.294815391302
1619141988224590245 -0.626170277596 -0.589322209358 0.0 0.0 0.0 -0.951331973076 -0.30816796422
1619141988780894620 -0.664351582527 -0.559724509716 0.0 0.0 0.0 -0.940701305866 -0.339235931635
1619141989289118156 -0.692402482033 -0.535286128521 0.0 0.0 0.0 -0.932578682899 -0.360966771841
1619141989801440740 -0.720202386379 -0.508661150932 0.0 0.0 0.0 -0.922937989235 -0.384948611259
1619141990336473126 -0.743299305439 -0.483630031347 0.0 0.0 0.0 -0.907254636288 -0.420581787825
1619141990838869975 -0.765160083771 -0.454030185938 0.0 0.0 0.0 -0.87623745203 -0.48187956214
1619141991361787520 -0.782250344753 -0.422301709652 0.0 0.0 0.0 -0.840228199959 -0.54223293066
1619141991865464410 -0.795227825642 -0.386526912451 0.0 0.0 0.0 -0.796633601189 -0.604462444782
1619141992367588367 -0.802229762077 -0.353774160147 0.0 0.0 0.0 -0.760856866837 -0.648919761181
1619141992894612079 -0.806229710579 -0.318575054407 0.0 0.0 0.0 -0.734752058983 -0.678335785866
1619141993421207113 -0.808052241802 -0.284128665924 0.0 0.0 0.0 0.717240333557 0.696825861931
1619141993968237329 -0.808154225349 -0.247204855084 0.0 0.0 0.0 0.698156893253 0.715944826603
1619141994474520794 -0.806373715401 -0.210728153586 0.0 0.0 0.0 0.683373570442 0.730068862438
1619141994988073961 -0.804180383682 -0.175640851259 0.0 0.0 0.0 0.690412342548 0.723416090012
1619141995489391869 -0.803306937218 -0.139156028628 0.0 0.0 0.0 0.706167519093 0.70804476738
1619141996003424938 -0.803469061852 -0.103493750095 0.0 0.0 0.0 0.709037959576 0.705170273781
1619141996508397699 -0.803643345833 -0.0667430534959 0.0 0.0 0.0 0.708294212818 0.705917358398
1619141997013514788 -0.803673863411 -0.0317384339869 0.0 0.0 0.0 0.70663356781 0.707579731941
1619141997547563746 -0.803543567657 0.00470868544653 0.0 0.0 0.0 0.707124710083 0.707088828087
1619141998047764554 -0.8033233881 0.040217589587 0.0 0.0 0.0 0.697583913803 0.716503083706
1619141998588773610 -0.801334142685 0.0782538503408 0.0 0.0 0.0 0.678462982178 0.734634578228
1619141999121987085 -0.797435879707 0.115430399776 0.0 0.0 0.0 0.660811185837 0.750552177429
1619141999672212810 -0.791628837585 0.153457701206 0.0 0.0 0.0 0.641517162323 0.767108678818
1619142000176900454 -0.784878909588 0.186278566718 0.0 0.0 0.0 0.623038172722 0.782191455364
1619142000704481099 -0.774915218353 0.225343838334 0.0 0.0 0.0 0.603797733784 0.79713755846
1619142001214731121 -0.765532195568 0.257751911879 0.0 0.0 0.0 0.600926816463 0.799304068089
1619142001749799678 -0.754786014557 0.295009076595 0.0 0.0 0.0 0.602623224258 0.798025846481
1619142002278106145 -0.74420362711 0.332102537155 0.0 0.0 0.0 0.60135024786 0.798985540867
1619142002782560516 -0.735182762146 0.363508760929 0.0 0.0 0.0 0.601906657219 0.798566460609
1619142003288518153 -0.724584758282 0.400413453579 0.0 0.0 0.0 0.601899206638 0.798572063446
1619142003824140544 -0.714062511921 0.437129229307 0.0 0.0 0.0 0.600843429565 0.79936671257
1619142004330081152 -0.703987360001 0.471602708101 0.0 0.0 0.0 0.595253229141 0.803538143635
1619142004854716606 -0.692622661591 0.505882501602 0.0 0.0 0.0 0.575436353683 0.817846536636
1619142005359792715 -0.680537760258 0.537326216698 0.0 0.0 0.0 0.558099031448 0.829774320126
1619142005890454749 -0.665809869766 0.572153866291 0.0 0.0 0.0 0.547218203545 0.836989998817
1619142006393207571 -0.649743497372 0.604798257351 0.0 0.0 0.0 0.507949650288 0.86138677597
1619142006925959117 -0.630386292934 0.635018825531 0.0 0.0 0.0 0.449738800526 0.893160104752
1619142007481581014 -0.603298723698 0.66513222456 0.0 0.0 0.0 0.359235167503 0.933247089386
1619142008030082872 -0.574661016464 0.687080860138 0.0 0.0 0.0 0.284426271915 0.958697915077
1619142008537941969 -0.540036797523 0.704884827137 0.0 0.0 0.0 0.183816581964 0.982960581779
1619142009072889446 -0.507285058498 0.714279711246 0.0 0.0 0.0 0.0953145474195 0.995447218418
1619142009600938895 -0.467357188463 0.718163847923 0.0 0.0 0.0 0.00518969353288 0.99998652935
1619142010137652198 -0.431005626917 0.716259479523 0.0 0.0 0.0 -0.0519131608307 0.998651623726
1619142010662063128 -0.394750475883 0.710792839527 0.0 0.0 0.0 -0.0920135602355 0.995757758617
1619142011176553050 -0.358670115471 0.703064739704 0.0 0.0 0.0 -0.117460258305 0.99307757616
1619142011719858697 -0.321190178394 0.693230509758 0.0 0.0 0.0 -0.132746562362 0.991150021553
1619142012246679730 -0.284734576941 0.683281242847 0.0 0.0 0.0 -0.134489655495 0.990915000439
1619142012807328881 -0.246357098222 0.672589600086 0.0 0.0 0.0 -0.137186273932 0.990545272827
1619142013336599839 -0.213494122028 0.663418352604 0.0 0.0 0.0 -0.134194388986 0.99095505476
1619142013866003959 -0.176616057754 0.653286933899 0.0 0.0 0.0 -0.133872061968 0.990998625755
1619142014370085016 -0.142521649599 0.643819928169 0.0 0.0 0.0 -0.135792478919 0.990737318993
1619142014920337689 -0.104421302676 0.63317078352 0.0 0.0 0.0 -0.135978966951 0.9907117486
1619142015495789137 -0.0638830587268 0.621747612953 0.0 0.0 0.0 -0.137638807297 0.990482509136
1619142016010460756 -0.0310049001127 0.611818790436 0.0 0.0 0.0 -0.155949771404 0.987765014172
1619142016515783725 0.00166666903533 0.600512444973 0.0 0.0 0.0 -0.176234170794 0.984348297119
1619142017074964709 0.0373788811266 0.584299683571 0.0 0.0 0.0 -0.248732015491 0.968572318554
1619142017594058247 0.069081261754 0.563478887081 0.0 0.0 0.0 -0.323365718126 0.946274101734
1619142018136434988 0.0968817174435 0.538835287094 0.0 0.0 0.0 -0.388265907764 0.921547412872
1619142018649989688 0.120764501393 0.510709106922 0.0 0.0 0.0 -0.451915830374 0.892060577869
1619142019162177764 0.138714179397 0.482409417629 0.0 0.0 0.0 -0.510179162025 0.860068142414
1619142019676046825 0.154481336474 0.447248578072 0.0 0.0 0.0 -0.576058924198 0.817408144474
1619142020198608947 0.163698241115 0.41458106041 0.0 0.0 0.0 -0.626897990704 0.779101371765
1619142020715718838 0.170663058758 0.375953108072 0.0 0.0 0.0 -0.651169240475 0.758932590485
1619142021221689061 0.175592914224 0.340328276157 0.0 0.0 0.0 -0.665059864521 0.74679005146
1619142021743101969 0.177827745676 0.317608863115 0.0 0.0 0.0 -0.677931070328 0.735125482082
1619142022275530677 0.179902806878 0.281630337238 0.0 0.0 0.0 -0.696147143841 0.717899084091
1619142022798609112 0.180170863867 0.245262667537 0.0 0.0 0.0 -0.712877213955 0.701288878918
1619142023323082468 0.17863561213 0.207254528999 0.0 0.0 0.0 -0.726920425892 0.686721682549
1619142023826366714 0.176605626941 0.171167984605 0.0 0.0 0.0 -0.726000845432 0.6876937747
1619142024329749340 0.174871712923 0.138613969088 0.0 0.0 0.0 -0.726284503937 0.68739426136
1619142024834355096 0.172873571515 0.10298191756 0.0 0.0 0.0 -0.726490736008 0.687176287174
1619142025350336330 0.170805871487 0.0673792585731 0.0 0.0 0.0 -0.728724837303 0.684806585312
1619142025886711324 0.16872240603 0.0329185910523 0.0 0.0 0.0 -0.724710524082 0.689053475857
1619142026390197820 0.167796343565 -0.00348730850965 0.0 0.0 0.0 -0.706399142742 0.707813739777
1619142026911271826 0.169326737523 -0.0489374026656 0.0 0.0 0.0 -0.684064030647 0.729421973228
1619142027454303889 0.171612888575 -0.0769378468394 0.0 0.0 0.0 -0.67177760601 0.74075293541
1619142027960968425 0.174815028906 -0.104338668287 0.0 0.0 0.0 -0.658970117569 0.752169132233
1619142028502602418 0.179877385497 -0.143369451165 0.0 0.0 0.0 -0.6580914855 0.752937972546
1619142029004486534 0.183919623494 -0.171733826399 0.0 0.0 0.0 -0.649993062019 0.7599401474
1619142029540442619 0.189121752977 -0.201064556837 0.0 0.0 0.0 -0.634129285812 0.773227035999
1619142030083446885 0.19622169435 -0.23282726109 0.0 0.0 0.0 -0.616204082966 0.787586569786
1619142030590156319 0.204495742917 -0.263414680958 0.0 0.0 0.0 -0.599926233292 0.800055325031
1619142031102379893 0.214291363955 -0.293571770191 0.0 0.0 0.0 -0.572503864765 0.819902002811
1619142031618973572 0.228507861495 -0.326979398727 0.0 0.0 0.0 -0.531657934189 0.846959173679
1619142032155094123 0.247605144978 -0.361129105091 0.0 0.0 0.0 -0.475246757269 0.87985253334
1619142032657391812 0.269254356623 -0.38946184516 0.0 0.0 0.0 -0.410868018866 0.911694824696
1619142033159473218 0.29095607996 -0.41126203537 0.0 0.0 0.0 -0.358724117279 0.9334436059
1619142033679885097 0.314430177212 -0.430107057095 0.0 0.0 0.0 -0.30387622118 0.952711522579
1619142034195458766 0.340308457613 -0.44606423378 0.0 0.0 0.0 -0.242029368877 0.970268905163
1619142034723362079 0.374415338039 -0.46090182662 0.0 0.0 0.0 -0.165335640311 0.986237347126
1619142035257772926 0.409531891346 -0.470149129629 0.0 0.0 0.0 -0.0923311710358 0.995728373528
1619142035791277306 0.449538975954 -0.474684119225 0.0 0.0 0.0 -0.0246640760452 0.999695777893
1619142036324896726 0.483724832535 -0.474959105253 0.0 0.0 0.0 0.0115161081776 0.99993366003
1619142036844362298 0.514221966267 -0.473692625761 0.0 0.0 0.0 0.0259951576591 0.999662041664
1619142037365525622 0.546323001385 -0.472021371126 0.0 0.0 0.0 0.0260473527014 0.999660730362
1619142037898243995 0.578123092651 -0.470412224531 0.0 0.0 0.0 0.0268294494599 0.99964004755
1619142038472681340 0.61052185297 -0.468620836735 0.0 0.0 0.0 0.0269467104226 0.999636888504
1619142038994851309 0.644493639469 -0.466856628656 0.0 0.0 0.0 0.0261731948704 0.999657452106
1619142039506395654 0.676088273525 -0.465193063021 0.0 0.0 0.0 0.0263352040201 0.999653160572
1619142040057965896 0.706568419933 -0.463545233011 0.0 0.0 0.0 0.0274721682072 0.999622583389
1619142040602096501 0.740710735321 -0.461653977633 0.0 0.0 0.0 0.0268712174147 0.999638915062
1619142041114500437 0.774551689625 -0.459812790155 0.0 0.0 0.0 0.0261167101562 0.999658882618
1619142041646801869 0.807485461235 -0.458068907261 0.0 0.0 0.0 0.0261007398367 0.99965929985
1619142042180771755 0.840142905712 -0.456372797489 0.0 0.0 0.0 0.0257331039757 0.999668836594
1619142042727856847 0.87800860405 -0.454432010651 0.0 0.0 0.0 0.0269852597266 0.99963581562
1619142043235058015 0.907478272915 -0.452848464251 0.0 0.0 0.0 0.0260965693742 0.99965941906
1619142043775895404 0.942535936832 -0.451008558273 0.0 0.0 0.0 0.0251300409436 0.999684214592
1619142044308091286 0.970999181271 -0.449564993382 0.0 0.0 0.0 0.0263688694686 0.999652266502
1619142044829325938 0.99956035614 -0.447650104761 0.0 0.0 0.0 0.0424019806087 0.999100625515
1619142045334469408 1.02839839458 -0.444564819336 0.0 0.0 0.0 0.0686865746975 0.99763828516
1619142045872322015 1.05989933014 -0.438640415668 0.0 0.0 0.0 0.121557079256 0.992584466934
1619142046376174059 1.08550095558 -0.430829405785 0.0 0.0 0.0 0.174340724945 0.984685361385
1619142046911015952 1.11068713665 -0.419565111399 0.0 0.0 0.0 0.243150234222 0.969988644123
1619142047433896698 1.13281702995 -0.405631810427 0.0 0.0 0.0 0.309838205576 0.950789272785
1619142047967843303 1.15197277069 -0.389814227819 0.0 0.0 0.0 0.361714482307 0.932288944721
1619142048475997727 1.16947603226 -0.371801257133 0.0 0.0 0.0 0.419119000435 0.90793132782
1619142049000457761 1.18421685696 -0.35203152895 0.0 0.0 0.0 0.477174848318 0.878808379173
1619142049548399590 1.19724583626 -0.328400880098 0.0 0.0 0.0 0.537791192532 0.843078076839
1619142050068377772 1.20614683628 -0.305565208197 0.0 0.0 0.0 0.591507852077 0.806299209595
1619142050580690236 1.21194446087 -0.282399535179 0.0 0.0 0.0 0.636655151844 0.771148622036
1619142051122464675 1.21535813808 -0.258784979582 0.0 0.0 0.0 0.669938147068 0.742416918278
1619142051709004416 1.21711301804 -0.231613472104 0.0 0.0 0.0 0.696630060673 0.717430531979
1619142052220437277 1.21723020077 -0.206836909056 0.0 0.0 0.0 0.713167309761 0.700993835926
1619142052724928240 1.21623456478 -0.178887620568 0.0 0.0 0.0 0.724680006504 0.689085543156
1619142053225358943 1.21486389637 -0.158661216497 0.0 0.0 0.0 -0.73579788208 -0.677201211452
1619142053771243930 1.21241354942 -0.131588324904 0.0 0.0 0.0 -0.739754974842 -0.672876358032
1619142054310760640 1.20974934101 -0.103365816176 0.0 0.0 0.0 -0.739929795265 -0.672684073448
1619142054871493880 1.20692765713 -0.0741158947349 0.0 0.0 0.0 -0.740267813206 -0.672312140465
1619142055419047701 1.2044711113 -0.0477297194302 0.0 0.0 0.0 -0.738694906235 -0.674039900303
1619142055960621154 1.20203125477 -0.0212403275073 0.0 0.0 0.0 -0.738736510277 -0.67399430275
1619142056536173512 1.19950795174 0.00628351420164 0.0 0.0 0.0 -0.738663434982 -0.674074470997
1619142057111667509 1.19724929333 0.0312390904874 0.0 0.0 0.0 -0.738032460213 -0.674765229225
1619142057651682533 1.19482696056 0.0578571744263 0.0 0.0 0.0 -0.739076972008 -0.673620998859
1619142058180575848 1.19245910645 0.0840989351273 0.0 0.0 0.0 -0.737186014652 -0.67568987608
1619142058718490163 1.19020235538 0.109842397273 0.0 0.0 0.0 -0.737100601196 -0.675783038139
1619142059255677071 1.18789494038 0.136267453432 0.0 0.0 0.0 -0.736896932125 -0.676005125046
1619142059808929862 1.18577575684 0.161209851503 0.0 0.0 0.0 -0.736383199692 -0.676564693451
1619142060333107867 1.18352937698 0.18697963655 0.0 0.0 0.0 -0.73746752739 -0.675382614136
1619142060866015725 1.18101906776 0.214835092425 0.0 0.0 0.0 -0.738596260548 -0.674148082733
1619142061409077024 1.17827785015 0.243278801441 0.0 0.0 0.0 -0.744284391403 -0.667862832546
1619142061964434380 1.17468130589 0.271906584501 0.0 0.0 0.0 -0.755336642265 -0.655336916447
1619142062519438616 1.17013287544 0.300039470196 0.0 0.0 0.0 -0.767390727997 -0.641179740429
1619142063043783539 1.16481757164 0.327110230923 0.0 0.0 0.0 -0.776557207108 -0.630046725273
1619142063605934499 1.15776467323 0.358028352261 0.0 0.0 0.0 -0.788940906525 -0.614469051361
1619142064128271073 1.15027534962 0.384445101023 0.0 0.0 0.0 -0.806485116482 -0.591254413128
1619142064638566042 1.14180696011 0.408614337444 0.0 0.0 0.0 -0.826032578945 -0.563622415066
1619142065150630526 1.13124716282 0.432523608208 0.0 0.0 0.0 -0.850216269493 -0.526433587074
1619142065710722347 1.11684119701 0.457887172699 0.0 0.0 0.0 -0.87747836113 -0.47961628437
1619142066234594124 1.10174691677 0.479224890471 0.0 0.0 0.0 -0.898676216602 -0.438612610102
1619142066858953079 1.08213090897 0.501930773258 0.0 0.0 0.0 -0.919701933861 -0.392617315054
1619142067389495341 1.06560814381 0.517821967602 0.0 0.0 0.0 -0.93559384346 -0.353078126907
1619142067935478728 1.04572188854 0.533457279205 0.0 0.0 0.0 -0.954133927822 -0.299380064011
1619142068453188388 1.02099561691 0.548337697983 0.0 0.0 0.0 -0.972053468227 -0.234759658575
1619142069014439999 0.993152678013 0.560357451439 0.0 0.0 0.0 -0.985243141651 -0.171160548925
1619142069581525272 0.963382840157 0.569044053555 0.0 0.0 0.0 -0.993964314461 -0.109703712165
1619142070113723472 0.944591462612 0.572490394115 0.0 0.0 0.0 -0.997460603714 -0.0712204128504
1619142070619487977 0.917857646942 0.574921250343 0.0 0.0 0.0 -0.999750673771 -0.0223283525556
1619142071136804366 0.892096996307 0.575232386589 0.0 0.0 0.0 -0.999962091446 0.00870474707335
1619142071674189704 0.862769126892 0.573916018009 0.0 0.0 0.0 -0.999439716339 0.0334699377418
1619142072187395577 0.833831429482 0.571597516537 0.0 0.0 0.0 -0.998908638954 0.0467064417899
1619142072689900114 0.808942258358 0.568931162357 0.0 0.0 0.0 -0.998213350773 0.0597504265606
1619142073227493729 0.780446231365 0.565291762352 0.0 0.0 0.0 -0.997917175293 0.0645085126162
1619142073787565318 0.75080537796 0.561425864697 0.0 0.0 0.0 -0.997903168201 0.0647245422006
1619142074345835240 0.721159875393 0.557595610619 0.0 0.0 0.0 -0.997982501984 0.063489459455
1619142074888924865 0.69218736887 0.55389046669 0.0 0.0 0.0 -0.997839212418 0.0657030716538
1619142075389880836 0.665865004063 0.55041462183 0.0 0.0 0.0 -0.997782588005 0.0665571242571
1619142075890866591 0.638399302959 0.546704947948 0.0 0.0 0.0 -0.997673094273 0.0681790858507
1619142076403234584 0.611089706421 0.542974054813 0.0 0.0 0.0 -0.997714817524 0.0675655007362
1619142076944365009 0.581003308296 0.538812458515 0.0 0.0 0.0 -0.997500061989 0.0706653818488
1619142077447474224 0.555151879787 0.535072386265 0.0 0.0 0.0 -0.997302234173 0.0734050646424
1619142078053949466 0.516890525818 0.528938651085 0.0 0.0 0.0 -0.996458351612 0.0840878114104
1619142078562635530 0.491286188364 0.524454772472 0.0 0.0 0.0 -0.99610298872 0.0881974771619
1619142079067889211 0.460782527924 0.518626928329 0.0 0.0 0.0 -0.994910538197 0.100761979818
1619142079577286149 0.436060994864 0.513202190399 0.0 0.0 0.0 -0.993366956711 0.114987164736
1619142080099901606 0.410830706358 0.506648421288 0.0 0.0 0.0 -0.990323543549 0.13877786696
1619142080630288575 0.384144216776 0.497886776924 0.0 0.0 0.0 -0.984108686447 0.177567228675
1619142081162029737 0.357874840498 0.486298918724 0.0 0.0 0.0 -0.971958756447 0.235151439905
1619142081691982714 0.336214005947 0.473674029112 0.0 0.0 0.0 -0.958226621151 0.286010056734
1619142082212284687 0.31544905901 0.45848146081 0.0 0.0 0.0 -0.942159295082 0.335165351629
1619142082762698519 0.294472515583 0.439102739096 0.0 0.0 0.0 -0.919223368168 0.393736422062
1619142083294413162 0.274205863476 0.416587293148 0.0 0.0 0.0 -0.909160912037 0.416445046663
1619142083840251203 0.258455812931 0.397494792938 0.0 0.0 0.0 -0.897858500481 0.440284073353
1619142084377111754 0.243484377861 0.37644097209 0.0 0.0 0.0 -0.878249704838 0.478202283382
1619142084909834294 0.231053233147 0.355598300695 0.0 0.0 0.0 -0.861541748047 0.5076867342
1619142085466784367 0.218732878566 0.33191087842 0.0 0.0 0.0 -0.84850102663 0.52919369936
1619142085985144934 0.208228930831 0.309441447258 0.0 0.0 0.0 -0.839526176453 0.543319284916
1619142086527147144 0.199480235577 0.289427369833 0.0 0.0 0.0 -0.833440423012 0.552609264851
1619142087102727158 0.189684033394 0.265569210052 0.0 0.0 0.0 -0.827512383461 0.561447501183
1619142087614459399 0.182838484645 0.248026549816 0.0 0.0 0.0 -0.823765516281 0.566930651665
1619142088163677657 0.175016075373 0.227550834417 0.0 0.0 0.0 -0.823009967804 0.568026959896
1619142088684740440 0.165791004896 0.203221693635 0.0 0.0 0.0 -0.822560369968 0.568677783012
1619142089239458111 0.15522813797 0.175123110414 0.0 0.0 0.0 -0.820850670338 0.571142852306
1619142089782561649 0.14504827559 0.147610977292 0.0 0.0 0.0 -0.820663928986 0.571411132812
1619142090303942003 0.134147554636 0.118287838995 0.0 0.0 0.0 -0.823928296566 0.56669408083
1619142090827422464 0.122657239437 0.0896271392703 0.0 0.0 0.0 -0.831499636173 0.555525302887
1619142091359883086 0.111286133528 0.0620648004115 0.0 0.0 0.0 -0.828776836395 0.559579312801
1619142091890651105 0.101464480162 0.03623207286 0.0 0.0 0.0 -0.815796971321 0.578338444233
1619142092433207708 0.0921216458082 0.00543321855366 0.0 0.0 0.0 -0.78849363327 0.615042924881
1619142092942769902 0.0871369466186 -0.0190112385899 0.0 0.0 0.0 -0.759578049183 0.650416135788
1619142093496424583 0.084296092391 -0.0476086698472 0.0 0.0 0.0 -0.72142803669 0.692489385605
1619142094050526799 0.0849038213491 -0.0783884227276 0.0 0.0 0.0 -0.679808437824 0.733389675617
1619142094586448590 0.0886207893491 -0.107218891382 0.0 0.0 0.0 -0.640470921993 0.767982423306
1619142095154253745 0.0953610539436 -0.136279016733 0.0 0.0 0.0 -0.605635404587 0.795742273331
1619142095697314335 0.103873796761 -0.164506942034 0.0 0.0 0.0 -0.585245013237 0.81085652113
1619142096232277664 0.114766120911 -0.194449305534 0.0 0.0 0.0 -0.563199937344 0.826320707798
1619142096797270554 0.128253906965 -0.226858362556 0.0 0.0 0.0 -0.546955943108 0.837161421776
1619142097336734565 0.135336041451 -0.242711395025 0.0 0.0 0.0 -0.542522728443 0.840041160583
1619142097900642816 0.147777363658 -0.270252615213 0.0 0.0 0.0 -0.542490243912 0.840062081814
1619142098436327865 0.158263325691 -0.293594539165 0.0 0.0 0.0 -0.54385882616 0.83917671442
1619142098989890282 0.170124202967 -0.320147871971 0.0 0.0 0.0 -0.546222686768 0.837640047073
1619142099494852448 0.180419549346 -0.344153344631 0.0 0.0 0.0 -0.555979788303 0.831195831299
1619142100052637513 0.191433399916 -0.372022598982 0.0 0.0 0.0 -0.568090856075 0.822965860367
1619142100604394983 0.201315566897 -0.399211734533 0.0 0.0 0.0 -0.578775703907 0.81548678875
1619142101131287040 0.211072459817 -0.428401142359 0.0 0.0 0.0 -0.588832914829 0.808254778385
1619142101676237815 0.220086842775 -0.456556141376 0.0 0.0 0.0 -0.588447988033 0.808535039425
1619142102197322865 0.228727787733 -0.482862889767 0.0 0.0 0.0 -0.582802176476 0.81261408329
1619142102760026289 0.238615140319 -0.510371625423 0.0 0.0 0.0 -0.565186738968 0.824962973595
1619142103317284927 0.251145035028 -0.539967417717 0.0 0.0 0.0 -0.535989761353 0.844224512577
1619142103851482462 0.265312731266 -0.566651761532 0.0 0.0 0.0 -0.498189926147 0.867067933083
1619142104361428045 0.279111683369 -0.588343441486 0.0 0.0 0.0 -0.462860554457 0.886431097984
1619142104929464982 0.294803053141 -0.608639419079 0.0 0.0 0.0 -0.417214095592 0.908808231354
1619142105484115353 0.314792811871 -0.629497826099 0.0 0.0 0.0 -0.367181152105 0.930149435997
1619142106023772287 0.337360680103 -0.648412644863 0.0 0.0 0.0 -0.314129143953 0.949380278587
1619142106559965183 0.362371593714 -0.664845407009 0.0 0.0 0.0 -0.258887052536 0.9659075737
1619142107107689639 0.387068748474 -0.677451074123 0.0 0.0 0.0 -0.207723721862 0.978187561035
1619142107705107249 0.413406342268 -0.687479913235 0.0 0.0 0.0 -0.154662743211 0.987967312336
1619142108262640358 0.441016763449 -0.695102751255 0.0 0.0 0.0 -0.113296680152 0.993561208248
1619142108826740574 0.469499886036 -0.700550198555 0.0 0.0 0.0 -0.0760205611587 0.997106254101
1619142109382552875 0.497435539961 -0.703944146633 0.0 0.0 0.0 -0.0451107062399 0.998982012272
1619142109905793799 0.523093938828 -0.705621600151 0.0 0.0 0.0 -0.0204031616449 0.99979186058
1619142110418444729 0.547436892986 -0.70606148243 0.0 0.0 0.0 0.00207346538082 0.999997854233
1619142110942458877 0.572734177113 -0.705319643021 0.0 0.0 0.0 0.0262564048171 0.999655246735
1619142111488453170 0.599669277668 -0.703373134136 0.0 0.0 0.0 0.042528912425 0.999095261097
1619142112033533550 0.625943183899 -0.700811684132 0.0 0.0 0.0 0.0547154769301 0.998502016068
1619142112596631836 0.651994943619 -0.697620868683 0.0 0.0 0.0 0.0673307627439 0.997730731964
1619142113165529462 0.676900446415 -0.693891048431 0.0 0.0 0.0 0.0815817192197 0.996666669846
1619142113700130944 0.702844917774 -0.689298391342 0.0 0.0 0.0 0.0926437973976 0.995699286461
1619142114240094712 0.728486776352 -0.68419188261 0.0 0.0 0.0 0.103517539799 0.994627654552
1619142114782989035 0.759545445442 -0.677182555199 0.0 0.0 0.0 0.118815526366 0.992916345596
1619142115356224731 0.788450241089 -0.669573187828 0.0 0.0 0.0 0.140573710203 0.990070223808
1619142115891258426 0.815097987652 -0.66109085083 0.0 0.0 0.0 0.166215375066 0.986089468002
1619142116423267324 0.841114401817 -0.651120722294 0.0 0.0 0.0 0.199455365539 0.979906916618
1619142116946123081 0.865935742855 -0.639386057854 0.0 0.0 0.0 0.237517476082 0.971383273602
1619142117460016230 0.888213455677 -0.626755952835 0.0 0.0 0.0 0.273190319538 0.961960017681
1619142118089382079 0.913957357407 -0.609223008156 0.0 0.0 0.0 0.315940648317 0.948778986931
1619142118632031286 0.934850990772 -0.592360436916 0.0 0.0 0.0 0.348876774311 0.937168598175
1619142119249148293 0.956904768944 -0.571708738804 0.0 0.0 0.0 0.38490703702 0.922955334187
1619142119773657743 0.974183499813 -0.552876830101 0.0 0.0 0.0 0.420563191175 0.907263219357
1619142120308875425 0.990419387817 -0.532164990902 0.0 0.0 0.0 0.454224914312 0.890887022018
1619142120864929316 1.00458526611 -0.511165201664 0.0 0.0 0.0 0.485555708408 0.874205708504
1619142121401349707 1.01684463024 -0.489869832993 0.0 0.0 0.0 0.514745771885 0.857342839241
1619142121931139105 1.02850067616 -0.465935826302 0.0 0.0 0.0 0.544636428356 0.838672220707
1619142122441954494 1.03879916668 -0.440348178148 0.0 0.0 0.0 0.575283408165 0.81795412302
1619142122964429311 1.04663312435 -0.416443407536 0.0 0.0 0.0 0.596890389919 0.802322745323
1619142123485725838 1.05534434319 -0.383721411228 0.0 0.0 0.0 0.618654966354 0.785662829876
1619142124020474985 1.0608175993 -0.359606832266 0.0 0.0 0.0 0.628435254097 0.777861893177
1619142124580237860 1.06641387939 -0.331817507744 0.0 0.0 0.0 0.638073682785 0.769975304604
1619142125136066415 1.07154011726 -0.302780151367 0.0 0.0 0.0 0.645100474358 0.764097750187
1619142125703629189 1.07669639587 -0.272180616856 0.0 0.0 0.0 0.645133376122 0.764069974422
1619142126249583731 1.08149850368 -0.244165301323 0.0 0.0 0.0 0.643985509872 0.76503765583
1619142126759640331 1.08501672745 -0.223736613989 0.0 0.0 0.0 0.644214689732 0.764844715595
1619142127327073929 1.08940577507 -0.198295548558 0.0 0.0 0.0 0.644590497017 0.764527976513
1619142127893779941 1.09365034103 -0.173368960619 0.0 0.0 0.0 0.644896507263 0.764269888401
1619142128417197745 1.09881389141 -0.14307872951 0.0 0.0 0.0 0.644540131092 0.764570474625
1619142128960251638 1.10286796093 -0.119454823434 0.0 0.0 0.0 0.64459425211 0.764524877071
1619142129507609398 1.10743498802 -0.0925035104156 0.0 0.0 0.0 0.645801782608 0.763505160809
1619142130124152901 1.11260938644 -0.0622922033072 0.0 0.0 0.0 0.644002377987 0.765023469925
1619142130751841481 1.1178047657 -0.0324440672994 0.0 0.0 0.0 0.643208801746 0.765690803528
1619142131266234160 1.12220847607 -0.00710828183219 0.0 0.0 0.0 0.643617987633 0.765346884727
1619142131766752280 1.1261330843 0.0156646482646 0.0 0.0 0.0 0.645214676857 0.764001309872
1619142132334691555 1.130245924 0.0401257537305 0.0 0.0 0.0 0.645481050014 0.763776302338
1619142132853122685 1.1342240572 0.0635572075844 0.0 0.0 0.0 0.645181179047 0.764029622078
1619142133436471683 1.13897740841 0.0917348489165 0.0 0.0 0.0 0.646274030209 0.763105452061
1619142133958030195 1.14252126217 0.112646996975 0.0 0.0 0.0 0.644799292088 0.764351904392
1619142134525714810 1.14656424522 0.136375501752 0.0 0.0 0.0 0.644775688648 0.764371812344
1619142135083228651 1.15094828606 0.16186876595 0.0 0.0 0.0 0.644559144974 0.764554440975
1619142135715445215 1.15605247021 0.191141784191 0.0 0.0 0.0 0.642729103565 0.766093552113
1619142136282771536 1.16158270836 0.223423406482 0.0 0.0 0.0 0.645924806595 0.763401031494
1619142136827828308 1.16608154774 0.250078231096 0.0 0.0 0.0 0.644547879696 0.764563977718
1619142137332391284 1.17008507252 0.273556679487 0.0 0.0 0.0 0.645455360413 0.763797998428
1619142137834380379 1.17444252968 0.299311250448 0.0 0.0 0.0 0.645546972752 0.763720571995
1619142138390295728 1.17869591713 0.325006186962 0.0 0.0 0.0 0.649249613285 0.760575413704
1619142138893529888 1.1819652319 0.346807658672 0.0 0.0 0.0 0.656038939953 0.754727065563
1619142139471195928 1.1854159832 0.37425494194 0.0 0.0 0.0 0.667832136154 0.744311928749
1619142140061761006 1.18762099743 0.401675283909 0.0 0.0 0.0 0.689905047417 0.723899900913
1619142140620492298 1.18799877167 0.426623821259 0.0 0.0 0.0 0.714001595974 0.700144052505
1619142141124892626 1.18750357628 0.440358191729 0.0 0.0 0.0 -0.728977799416 -0.684537351131
