1619141962603998802 0.114537283778 -0.00692351069301 0.0 0.0 0.0 -0.754861831665 0.655883789062
1619141963129997516 0.114537283778 -0.00692351069301 0.0 0.0 0.0 -0.754587292671 0.65619969368
1619141963632008671 0.114537283778 -0.00692351069301 0.0 0.0 0.0 -0.754834711552 0.655915021896
1619141964133829069 0.114537268877 -0.00692350836471 0.0 0.0 0.0 -0.754421591759 0.656390190125
1619141964674602783 0.114360228181 -0.00817659962922 0.0 0.0 0.0 -0.754934072495 0.655800640583
1619141965196972492 0.113283708692 -0.0158209260553 0.0 0.0 0.0 -0.754833579063 0.655916392803
1619141965712817763 0.111750051379 -0.0266725979745 0.0 0.0 0.0 -0.755494117737 0.655155420303
1619141966251913696 0.110022328794 -0.0385959558189 0.0 0.0 0.0 -0.756377756596 0.654135048389
1619141966771506954 0.108213432133 -0.0509423092008 0.0 0.0 0.0 -0.756905674934 0.653524160385
1619141967275159158 0.129420805924 -0.0773873012301 0.0 0.0 0.0 -0.756609227404 0.653867369984
1619141967806531833 0.126261288248 -0.0989239766748 0.0 0.0 0.0 -0.756169463333 0.65437583716
1619141968320574948 0.123375946148 -0.119042602463 0.0 0.0 0.0 -0.75530675628 0.65537138333
1619141968858446643 0.120127965038 -0.141742895203 0.0 0.0 0.0 -0.755462668487 0.655191707357
1619141969360004152 0.116694876865 -0.1655416741 0.0 0.0 0.0 -0.755224744292 0.655465927699
1619141969872914571 0.112052814263 -0.198295422318 0.0 0.0 0.0 -0.754795121105 0.655960632162
1619141970377944902 0.0900146545899 -0.230417148718 0.0 0.0 0.0 -0.753471669107 0.657480381166
1619141970898405287 0.0858910076157 -0.260585371583 0.0 0.0 0.0 -0.754407685594 0.65640619452
1619141971432877234 0.0813512002903 -0.293225663499 0.0 0.0 0.0 -0.754177601585 0.656670540087
1619141971960236088 0.0986030339232 -0.312579545871 0.0 0.0 0.0 -0.751371788419 0.659879078344
1619141972475148058 0.0944017914411 -0.344831334702 0.0 0.0 0.0 -0.751388182866 0.65986041745
1619141972992488203 0.0901919185657 -0.376775554999 0.0 0.0 0.0 -0.751960555212 0.65920811579
1619141973509237444 0.0864803703591 -0.405109251802 0.0 0.0 0.0 -0.750433539046 0.660945955362
1619141974044423312 0.0553740405144 -0.428436195495 0.0 0.0 0.0 -0.752434246693 0.658667340058
1619141974593919114 0.0508667813636 -0.461413152788 0.0 0.0 0.0 -0.754097119424 0.656762887816
1619141975102195461 0.0466040064778 -0.491792030854 0.0 0.0 0.0 -0.755731448517 0.654881630381
1619141975635842499 0.0420338979943 -0.519767285207 0.0 0.0 0.0 -0.768155984074 0.640262767968
1619141976151771680 0.0487649370439 -0.549364907786 0.0 0.0 0.0 -0.796554938837 0.604566112541
1619141976652201864 0.0394686663155 -0.577256153383 0.0 0.0 0.0 -0.825192978835 0.564850938904
1619141977192643404 0.0257436654734 -0.607837842604 0.0 0.0 0.0 -0.853837518776 0.520539654266
1619141977727104166 -0.0138283930955 -0.656227155159 0.0 0.0 0.0 -0.884499397467 0.466541323947
1619141978264601716 -0.034518793412 -0.681864233431 0.0 0.0 0.0 -0.918529460579 0.395352542029
1619141978771028731 -0.0575975408388 -0.702751799514 0.0 0.0 0.0 -0.945785148128 0.324792881261
1619141979303698816 -0.062715450545 -0.735861460507 0.0 0.0 0.0 -0.967916576084 0.251271676951
1619141979816543180 -0.090852156226 -0.74900346034 0.0 0.0 0.0 -0.983548552024 0.180643921712
1619141980336902635 -0.121814253794 -0.758176849507 0.0 0.0 0.0 -0.994239429244 0.10718209258
1619141980843422883 -0.149909242528 -0.764077734499 0.0 0.0 0.0 -0.999219648136 0.0394983033151
1619141981383001235 -0.182282175286 -0.764967318642 0.0 0.0 0.0 -0.999967398232 -0.00807705908808
1619141981902958771 -0.21101328498 -0.763895158964 0.0 0.0 0.0 -0.999606772589 -0.0280420977125
1619141982406447325 -0.234489616238 -0.761349099634 0.0 0.0 0.0 -0.998588105286 -0.0531211160443
1619141982907147234 -0.266325304675 -0.757305164987 0.0 0.0 0.0 -0.997238397817 -0.074267140627
1619141983431768997 -0.304792207491 -0.750439388373 0.0 0.0 0.0 -0.994749327154 -0.102341688447
1619141983969744042 -0.339792329223 -0.742284593161 0.0 0.0 0.0 -0.99198088749 -0.126388188159
1619141984500502724 -0.378358274838 -0.730221048156 0.0 0.0 0.0 -0.988504526087 -0.151191406861
1619141985002251268 -0.40682283643 -0.714458019297 0.0 0.0 0.0 -0.983096413348 -0.183088746948
1619141985566890743 -0.442402487757 -0.69969996152 0.0 0.0 0.0 -0.978185404166 -0.207733817662
1619141986109876380 -0.477586391153 -0.682991203658 0.0 0.0 0.0 -0.973105320265 -0.23036064366
1619141986636562110 -0.509193957671 -0.672597687598 0.0 0.0 0.0 -0.96474042717 -0.263203272129
1619141987195384194 -0.543592139723 -0.651185137382 0.0 0.0 0.0 -0.957896813339 -0.287112754285
1619141987700772898 -0.577249815447 -0.601320909741 0.0 0.0 0.0 -0.953395521605 -0.3017232847
1619141988224590245 -0.597268833735 -0.58684773878 0.0 0.0 0.0 -0.949863965542 -0.312663499841
1619141988780894620 -0.6377923106 -0.554662035722 0.0 0.0 0.0 -0.938269211615 -0.345905951271
1619141989289118156 -0.662834914718 -0.533943882398 0.0 0.0 0.0 -0.929739009305 -0.368219121612
1619141989801440740 -0.677013187056 -0.52755242107 0.0 0.0 0.0 -0.916501516044 -0.400031169252
1619141990336473126 -0.702371833618 -0.49780365397 0.0 0.0 0.0 -0.896655404045 -0.442729129752
1619141990838869975 -0.715748525853 -0.466212959488 0.0 0.0 0.0 -0.866862337409 -0.498547624278
1619141991361787520 -0.719055132647 -0.426810625628 0.0 0.0 0.0 -0.832824198893 -0.553537557239
1619141991865464410 -0.730430034165 -0.393095469549 0.0 0.0 0.0 -0.791285451109 -0.611446871411
1619141992367588367 -0.736854671368 -0.360224601989 0.0 0.0 0.0 -0.755119019579 -0.655587747395
1619141992894612079 -0.740023679863 -0.337602635428 0.0 0.0 0.0 -0.730456935643 -0.68295877748
1619141993421207113 -0.741411341311 -0.3031359893 0.0 0.0 0.0 0.712828881166 0.70133798137
1619141993968237329 -0.741047326231 -0.266213831988 0.0 0.0 0.0 0.693625174636 0.720336143372
1619141994474520794 -0.738806610242 -0.22976250609 0.0 0.0 0.0 0.678753019424 0.734366610968
1619141994988073961 -0.749292831861 -0.206391072579 0.0 0.0 0.0 0.68496787252 0.728573259318
1619141995489391869 -0.747969387344 -0.174655482018 0.0 0.0 0.0 0.698536466534 0.715574439527
1619141996003424938 -0.747440445725 -0.136668022509 0.0 0.0 0.0 0.702690971825 0.71149514493
1619141996508397699 -0.752150406886 -0.1146659078 0.0 0.0 0.0 0.696505444828 0.717551513221
1619141997013514788 -0.751021552722 -0.0796794817674 0.0 0.0 0.0 0.694817494871 0.719186154644
1619141997547563746 -0.749684197772 -0.0432566733403 0.0 0.0 0.0 0.695316700274 0.71870345257
1619141998047764554 -0.748288082073 -0.00777454243971 0.0 0.0 0.0 0.685621290921 0.727958399356
1619141998588773610 -0.736353212897 0.0570410794773 0.0 0.0 0.0 0.665071863899 0.746779349985
1619141999121987085 -0.730744314674 0.096274587734 0.0 0.0 0.0 0.645967346029 0.763365075817
1619141999672212810 -0.723935721603 0.131844943295 0.0 0.0 0.0 0.627545035408 0.778580261249
1619142000176900454 -0.70722285692 0.14792481747 0.0 0.0 0.0 0.609129881539 0.793070504387
1619142000704481099 -0.695886041833 0.186613927218 0.0 0.0 0.0 0.589628538658 0.807674548831
1619142001214731121 -0.685364588883 0.218670492463 0.0 0.0 0.0 0.586719814826 0.809790028895
1619142001749799678 -0.665237030133 0.2753310576 0.0 0.0 0.0 0.591269095393 0.80647433865
1619142002278106145 -0.653609082651 0.312110162779 0.0 0.0 0.0 0.589982664744 0.807415921578
1619142002782560516 -0.642785201928 0.346143808648 0.0 0.0 0.0 0.590834919316 0.806792475255
1619142003288518153 -0.632369496705 0.40236176764 0.0 0.0 0.0 0.571499088155 0.820602697842
1619142003824140544 -0.619122451724 0.438184688446 0.0 0.0 0.0 0.57041422648 0.821357156325
1619142004330081152 -0.606489460398 0.471805172626 0.0 0.0 0.0 0.564671383175 0.825315808708
1619142004854716606 -0.592585087021 0.505135774382 0.0 0.0 0.0 0.544331381003 0.838870253546
1619142005359792715 -0.571345594587 0.479221449588 0.0 0.0 0.0 0.533776480047 0.845625579433
1619142005890454749 -0.553583666201 0.515163565977 0.0 0.0 0.0 0.5208111331 0.853671936759
1619142006393207571 -0.536687616344 0.544792689021 0.0 0.0 0.0 0.482730561328 0.875768936537
1619142006925959117 -0.510326789037 0.555734910896 0.0 0.0 0.0 0.427299131045 0.904110308901
1619142007481581014 -0.477672690473 0.58798302297 0.0 0.0 0.0 0.325643308256 0.94549271346
1619142008030082872 -0.447539917623 0.607829354613 0.0 0.0 0.0 0.249972398897 0.968252960914
1619142008537941969 -0.420201333542 0.621141956158 0.0 0.0 0.0 0.146448860623 0.989218263256
1619142009072889446 -0.384593237085 0.628277357453 0.0 0.0 0.0 0.0523116596575 0.998630801681
1619142009600938895 -0.346724983486 0.628880428143 0.0 0.0 0.0 -0.0326947822688 0.999465378597
1619142010137652198 -0.305349546447 0.623232299424 0.0 0.0 0.0 -0.0974918598908 0.9952362981
1619142010662063128 -0.283522208366 0.622454478152 0.0 0.0 0.0 -0.127630270099 0.991821806151
1619142011176553050 -0.269450364988 0.62572630092 0.0 0.0 0.0 -0.144275814626 0.989537505033
1619142011719858697 -0.232557012565 0.61387985382 0.0 0.0 0.0 -0.159504394754 0.987197226038
1619142012246679730 -0.196692717463 0.60197392562 0.0 0.0 0.0 -0.161240493937 0.986915147642
1619142012807328881 -0.16117711089 0.589983433042 0.0 0.0 0.0 -0.163641718887 0.986519850389
1619142013336599839 -0.109708391079 0.602552682895 0.0 0.0 0.0 -0.165783797014 0.986162152608
1619142013866003959 -0.0707598741266 0.594548229417 0.0 0.0 0.0 -0.166922728217 0.985969993707
1619142014370085016 -0.0397113694425 0.583655221461 0.0 0.0 0.0 -0.168613139112 0.98568232301
1619142014920337689 -0.0024018085048 0.570500854124 0.0 0.0 0.0 -0.168798675303 0.985650574739
1619142015495789137 0.0349520902287 0.557244196043 0.0 0.0 0.0 -0.169867451306 0.985466928886
1619142016010460756 0.0255935960168 0.528713780176 0.0 0.0 0.0 -0.200029517836 0.97978989912
1619142016515783725 0.0598133283732 0.51323353569 0.0 0.0 0.0 -0.224899073675 0.974382038113
1619142017074964709 0.0932284314976 0.493833158906 0.0 0.0 0.0 -0.296929095474 0.954899548339
1619142017594058247 0.123299696457 0.460714270118 0.0 0.0 0.0 -0.36558958373 0.930776191971
1619142018136434988 0.148773678341 0.433672661367 0.0 0.0 0.0 -0.429312244461 0.903156158181
1619142018649989688 0.170032947235 0.403514530352 0.0 0.0 0.0 -0.491571854101 0.87083701379
1619142019162177764 0.185367515333 0.373716638215 0.0 0.0 0.0 -0.548337652492 0.836257021388
1619142019676046825 0.196151115343 0.327617755948 0.0 0.0 0.0 -0.611771001626 0.791034892005
1619142020198608947 0.202739874517 0.291799991965 0.0 0.0 0.0 -0.663513805795 0.748164045348
1619142020715718838 0.205946579658 0.255168179984 0.0 0.0 0.0 -0.684211927718 0.729283274598
1619142021221689061 0.207697791111 0.219246523809 0.0 0.0 0.0 -0.697549930099 0.716536181484
1619142021743101969 0.207856137123 0.191204705108 0.0 0.0 0.0 -0.711665802684 0.7025181836
1619142022275530677 0.206481346095 0.155496792505 0.0 0.0 0.0 -0.729966012633 0.683483455921
1619142022798609112 0.203092224054 0.117508029207 0.0 0.0 0.0 -0.746836350322 0.665007878336
1619142023323082468 0.225949942308 0.0907152878739 0.0 0.0 0.0 -0.744497976234 0.667624711247
1619142023826366714 0.222620557938 0.0599144841357 0.0 0.0 0.0 -0.743489064034 0.66874805943
1619142024329749340 0.218601924168 0.0218054243253 0.0 0.0 0.0 -0.743830342942 0.668368453406
1619142024834355096 0.215378802453 -0.00798857142316 0.0 0.0 0.0 -0.743965450354 0.668218113971
1619142025350336330 0.211211741767 -0.0457760251413 0.0 0.0 0.0 -0.746117666111 0.665814120574
1619142025886711324 0.20717915692 -0.0821519924629 0.0 0.0 0.0 -0.740948353476 0.671561973274
1619142026390197820 0.168223495046 -0.0876981678101 0.0 0.0 0.0 -0.743263011056 0.668999343749
1619142026911271826 0.16528590934 -0.123591406602 0.0 0.0 0.0 -0.727097557318 0.686534164037
1619142027454303889 0.16413502996 -0.153307634209 0.0 0.0 0.0 -0.714518810457 0.699616217288
1619142027960968425 0.164054030506 -0.180894706913 0.0 0.0 0.0 -0.70222160031 0.711958391067
1619142028502602418 0.164551510142 -0.220299932678 0.0 0.0 0.0 -0.70076922577 0.713388002495
1619142029004486534 0.158812042134 -0.226973498154 0.0 0.0 0.0 -0.691099364786 0.722759762741
1619142029540442619 0.160927646757 -0.259020319248 0.0 0.0 0.0 -0.67496552128 0.737849270115
1619142030083446885 0.165325518106 -0.296853464192 0.0 0.0 0.0 -0.65491935404 0.755698751079
1619142030590156319 0.169984627791 -0.325429960172 0.0 0.0 0.0 -0.640536335658 0.767927859788
1619142031102379893 0.176987963648 -0.357675242048 0.0 0.0 0.0 -0.610683874636 0.791874485622
1619142031618973572 0.184739687568 -0.383380833052 0.0 0.0 0.0 -0.582058831525 0.813146669175
1619142032155094123 0.231902054335 -0.401084695041 0.0 0.0 0.0 -0.524229966823 0.85157672292
1619142032657391812 0.24794161128 -0.428507843486 0.0 0.0 0.0 -0.46932600982 0.883024982448
1619142033159473218 0.262950075822 -0.44852958736 0.0 0.0 0.0 -0.425201909818 0.905098517496
1619142033679885097 0.288467615699 -0.47543031395 0.0 0.0 0.0 -0.36319932448 0.931711453187
1619142034195458766 0.312016445095 -0.494500577526 0.0 0.0 0.0 -0.303293496634 0.952897199118
1619142034723362079 0.3373552569 -0.510178693209 0.0 0.0 0.0 -0.243456647039 0.969911794883
1619142035257772926 0.34341753454 -0.51217663425 0.0 0.0 0.0 -0.18002731231 0.983661624479
1619142035791277306 0.3768546138 -0.522269090907 0.0 0.0 0.0 -0.11220259977 0.993685359905
1619142036324896726 0.410118090592 -0.5279749439 0.0 0.0 0.0 -0.0602067317845 0.99818594348
1619142036844362298 0.444492488045 -0.530826887512 0.0 0.0 0.0 -0.0278876369833 0.999611069468
1619142037365525622 0.477168047197 -0.532111001387 0.0 0.0 0.0 -0.0171494757344 0.999852936303
1619142037898243995 0.511342735267 -0.533278535929 0.0 0.0 0.0 -0.0186425142672 0.999826237416
1619142038472681340 0.482415690226 -0.568586976838 0.0 0.0 0.0 -0.0126533779425 0.999919971399
1619142038994851309 0.514345667593 -0.569464110626 0.0 0.0 0.0 -0.0152746525314 0.999883317612
1619142039506395654 0.541061515238 -0.57027135274 0.0 0.0 0.0 -0.0148864319847 0.999889211429
1619142040057965896 0.570156359305 -0.571124472495 0.0 0.0 0.0 -0.0146351066199 0.999892893297
1619142040602096501 0.603123366274 -0.572043779235 0.0 0.0 0.0 -0.0136449327336 0.999906881279
1619142041114500437 0.629411768845 -0.572741995161 0.0 0.0 0.0 -0.0129261044496 0.999916426281
1619142041646801869 0.663619218479 -0.573669795512 0.0 0.0 0.0 -0.0143399746685 0.999897178003
1619142042180771755 0.685690319259 -0.613165552849 0.0 0.0 0.0 -0.00445405848002 0.999990101753
1619142042727856847 0.716973323989 -0.613417645594 0.0 0.0 0.0 -0.00542136891004 0.999985315586
1619142043235058015 0.74478839738 -0.613700869159 0.0 0.0 0.0 -0.00451026455313 0.999989823795
1619142043775895404 0.769085603382 -0.61392520893 0.0 0.0 0.0 -0.00341038765091 0.999994168668
1619142044308091286 0.80201387843 -0.614162532553 0.0 0.0 0.0 -0.00370536957826 0.999993129852
1619142044829325938 0.83068988568 -0.614398290348 0.0 0.0 0.0 -0.00485942537105 0.99998821087
1619142045334469408 0.804907682067 -0.651499656134 0.0 0.0 0.0 -0.0103927152747 0.99994596858
1619142045872322015 0.832949943112 -0.651767177065 0.0 0.0 0.0 0.00282632834975 0.999995992397
1619142046376174059 0.862373769176 -0.650995708541 0.0 0.0 0.0 0.0263758705061 0.999652071856
1619142046911015952 0.892925109186 -0.648072503232 0.0 0.0 0.0 0.0732522154864 0.997313468512
1619142047433896698 0.920929440356 -0.64233413604 0.0 0.0 0.0 0.128419791556 0.991719910035
1619142047967843303 0.940708337668 -0.626136200888 0.0 0.0 0.0 0.187092050612 0.98234240306
1619142048475997727 0.965023925147 -0.609837639711 0.0 0.0 0.0 0.25958544288 0.965720160053
1619142049000457761 0.987738191479 -0.594482558843 0.0 0.0 0.0 0.321211926574 0.947007310016
1619142049548399590 1.00670180422 -0.578205960318 0.0 0.0 0.0 0.376762630024 0.926309851789
1619142050068377772 1.02462206299 -0.558032328845 0.0 0.0 0.0 0.441900022753 0.897064308209
1619142050580690236 1.04060620899 -0.533498078707 0.0 0.0 0.0 0.509360955621 0.860552951536
1619142051122464675 1.06989846515 -0.48732366857 0.0 0.0 0.0 0.572287111353 0.82005330088
1619142051709004416 1.07675452175 -0.464659229771 0.0 0.0 0.0 0.616825777981 0.787099705978
1619142052220437277 1.08187778513 -0.437973137502 0.0 0.0 0.0 0.653460683046 0.756960450758
1619142052724928240 1.08533545764 -0.404294119336 0.0 0.0 0.0 0.683861750096 0.729611623403
1619142053225358943 1.08654252386 -0.373871859617 0.0 0.0 0.0 0.700555339807 0.71359807002
1619142053771243930 1.08671123505 -0.355902402812 0.0 0.0 0.0 -0.709374169163 -0.70483207833
1619142054310760640 1.1044597139 -0.360175426988 0.0 0.0 0.0 -0.721617142777 -0.69229236091
1619142054871493880 1.10312406211 -0.328945258568 0.0 0.0 0.0 -0.722419482295 -0.691455028322
1619142055419047701 1.10191409805 -0.301940538223 0.0 0.0 0.0 -0.723211638567 -0.690626497155
1619142055960621154 1.1007079921 -0.273111598687 0.0 0.0 0.0 -0.721150198639 -0.692778711206
1619142056536173512 1.09963076716 -0.246531900216 0.0 0.0 0.0 -0.721192959376 -0.692734196573
1619142057111667509 1.09862526355 -0.221443850217 0.0 0.0 0.0 -0.721291223357 -0.692631900152
1619142057651682533 1.097548313 -0.193876227655 0.0 0.0 0.0 -0.720469353066 -0.693486797417
1619142058180575848 1.09649519311 -0.167168906053 0.0 0.0 0.0 -0.721542890933 -0.692369754684
1619142058718490163 1.11788714854 -0.19027575337 0.0 0.0 0.0 -0.715311355988 -0.698805893538
1619142059255677071 1.11723665711 -0.16183400404 0.0 0.0 0.0 -0.715213418222 -0.698906140092
1619142059808929862 1.11660875256 -0.133290458052 0.0 0.0 0.0 -0.713950182152 -0.700196546815
1619142060333107867 1.11602088514 -0.104720747758 0.0 0.0 0.0 -0.71506793177 -0.699055005243
1619142060866015725 1.11537710743 -0.0777978708444 0.0 0.0 0.0 -0.71588376594 -0.698219487889
1619142061409077024 1.14246535592 -0.0442666306362 0.0 0.0 0.0 -0.727464211569 -0.68614560005
1619142061964434380 1.14013606204 -0.0127412998027 0.0 0.0 0.0 -0.73870990792 -0.674023512229
1619142062519438616 1.13665123339 0.018447742606 0.0 0.0 0.0 -0.752177793371 -0.658960217395
1619142063043783539 1.13270063245 0.0449834534152 0.0 0.0 0.0 -0.762171017072 -0.647375779607
1619142063605934499 1.12786894992 0.0722476655879 0.0 0.0 0.0 -0.771110954276 -0.636700804682
1619142064128271073 1.12182078848 0.100120596297 0.0 0.0 0.0 -0.788199194426 -0.615420173272
1619142064638566042 1.12217041612 0.133947989349 0.0 0.0 0.0 -0.805743640541 -0.592264468079
1619142065150630526 1.11255201516 0.160442450385 0.0 0.0 0.0 -0.832165387834 -0.554527520893
1619142065710722347 1.10093975106 0.184728394221 0.0 0.0 0.0 -0.858944089016 -0.512069358337
1619142066234594124 1.08419839809 0.211882627569 0.0 0.0 0.0 -0.886646630701 -0.462447586859
1619142066858953079 1.06580164933 0.235587251613 0.0 0.0 0.0 -0.908938162567 -0.416930965868
1619142067389495341 1.04824333938 0.254188891345 0.0 0.0 0.0 -0.927681381938 -0.37337281265
1619142067935478728 1.0239919116 0.274425521854 0.0 0.0 0.0 -0.952140079051 -0.305662110625
1619142068453188388 1.0018377848 0.270177086329 0.0 0.0 0.0 -0.968178075671 -0.250262394004
1619142069014439999 0.970595757948 0.284620820554 0.0 0.0 0.0 -0.983518190684 -0.180809347326
1619142069581525272 0.945622314557 0.292657808455 0.0 0.0 0.0 -0.991768855655 -0.128041060539
1619142070113723472 0.926722019152 0.29684066006 0.0 0.0 0.0 -0.996084079422 -0.0884107805989
1619142070619487977 0.897372888097 0.300493271836 0.0 0.0 0.0 -0.999285642173 -0.0377909519524
1619142071136804366 0.86996876762 0.301743272436 0.0 0.0 0.0 -0.999969936719 -0.00775484267493
1619142071674189704 0.838409782341 0.301474931386 0.0 0.0 0.0 -0.999920424848 0.0126142733989
1619142072187395577 0.806218887931 0.30012528705 0.0 0.0 0.0 -0.999560960411 0.0296282323499
1619142072689900114 0.781198026381 0.298369102551 0.0 0.0 0.0 -0.999203283085 0.0399103237371
1619142073227493729 0.784731163485 0.292055395237 0.0 0.0 0.0 -0.999269325716 0.0382211854186
1619142073787565318 0.753208772068 0.289662706694 0.0 0.0 0.0 -0.999302540197 0.0373426442923
1619142074345835240 0.722715070479 0.28743108808 0.0 0.0 0.0 -0.999310751393 0.0371217854275
1619142074888924865 0.692356256844 0.285092430569 0.0 0.0 0.0 -0.999240006553 0.0389803402077
1619142075389880836 0.666015407787 0.282994605509 0.0 0.0 0.0 -0.999131210115 0.041674895879
1619142075890866591 0.634282826388 0.280372342857 0.0 0.0 0.0 -0.999165895595 0.040835661065
1619142076403234584 0.603939489813 0.277840413293 0.0 0.0 0.0 -0.999035313608 0.0439142185941
1619142076944365009 0.575000082246 0.275233044868 0.0 0.0 0.0 -0.998911070651 0.0466553612394
1619142077447474224 0.546121649416 0.272260204095 0.0 0.0 0.0 -0.998421729164 0.0561606479193
1619142078053949466 0.513596228413 0.268415697492 0.0 0.0 0.0 -0.99810452693 0.0615418233322
1619142078562635530 0.536783017735 0.306627628431 0.0 0.0 0.0 -0.996182093678 0.0872998464868
1619142079067889211 0.505223578056 0.30053132855 0.0 0.0 0.0 -0.99451342193 0.104608798163
1619142079577286149 0.47705616317 0.293836035828 0.0 0.0 0.0 -0.991551180601 0.129716126649
1619142080099901606 0.453011495009 0.286535001751 0.0 0.0 0.0 -0.986461318898 0.163994127324
1619142080630288575 0.423737000323 0.274458397766 0.0 0.0 0.0 -0.974068442114 0.226253605498
1619142081162029737 0.398269504987 0.259936308369 0.0 0.0 0.0 -0.958439287315 0.285296608241
1619142081691982714 0.377825215029 0.245033893498 0.0 0.0 0.0 -0.942044245918 0.335488577057
1619142082212284687 0.356176119003 0.225042516522 0.0 0.0 0.0 -0.920294914564 0.391225377259
1619142082762698519 0.343957491726 0.229616525215 0.0 0.0 0.0 -0.908197692017 0.418541456845
1619142083294413162 0.324070291606 0.204600115855 0.0 0.0 0.0 -0.890725646933 0.45454131276
1619142083840251203 0.308782291363 0.181222183543 0.0 0.0 0.0 -0.868673741922 0.495384617647
1619142084377111754 0.295103605124 0.156224710831 0.0 0.0 0.0 -0.852772276749 0.522282941446
1619142084909834294 0.282766808385 0.130535907551 0.0 0.0 0.0 -0.841044536103 0.54096585198
1619142085466784367 0.271341020849 0.104482938103 0.0 0.0 0.0 -0.832900997374 0.553421960969
1619142085985144934 0.259173467089 0.0744580102159 0.0 0.0 0.0 -0.825816856725 0.56393843477
1619142086527147144 0.251011166957 0.0531368427827 0.0 0.0 0.0 -0.823353051778 0.567529537649
1619142087102727158 0.241111682274 0.0269520696695 0.0 0.0 0.0 -0.822319179045 0.569026513828
1619142087614459399 0.226525421747 0.0414767394398 0.0 0.0 0.0 -0.833799823301 0.552066857836
1619142088163677657 0.215396571769 0.0229180679811 0.0 0.0 0.0 -0.833443069813 0.552605269973
1619142088684740440 0.204909708167 -0.00191427018192 0.0 0.0 0.0 -0.833063258894 0.553177739065
1619142089239458111 0.192989074978 -0.0298494789878 0.0 0.0 0.0 -0.838150032986 0.545439689606
1619142089782561649 0.177730964892 -0.0630040925944 0.0 0.0 0.0 -0.844311768911 0.535852270096
1619142090303942003 0.166386484405 -0.0875398178757 0.0 0.0 0.0 -0.839510560353 0.543343374158
1619142090827422464 0.153223288147 -0.119693306582 0.0 0.0 0.0 -0.818635458945 0.5743134884
1619142091359883086 0.145250135609 -0.144692495672 0.0 0.0 0.0 -0.794056297134 0.607844262701
1619142091890651105 0.138669719076 -0.176678022013 0.0 0.0 0.0 -0.754731854793 0.656033373388
1619142092433207708 0.1362532249 -0.207847161009 0.0 0.0 0.0 -0.711644829332 0.702539407354
1619142092942769902 0.136871600443 -0.231042501779 0.0 0.0 0.0 -0.682263835883 0.731106070602
1619142093496424583 0.102511869143 -0.216224467931 0.0 0.0 0.0 -0.637062130825 0.770812433095
1619142094050526799 0.110214176674 -0.249326318173 0.0 0.0 0.0 -0.609000402472 0.793169908955
1619142094586448590 0.118944510344 -0.278651005823 0.0 0.0 0.0 -0.586077924764 0.810254698042
1619142095154253745 0.12649244088 -0.300384198597 0.0 0.0 0.0 -0.574029303833 0.818834777567
1619142095697314335 0.139101257067 -0.33317258189 0.0 0.0 0.0 -0.559490548761 0.828836754452
1619142096232277664 0.150956964856 -0.362396399776 0.0 0.0 0.0 -0.558060420715 0.829800319049
1619142096797270554 0.163792040782 -0.394172744439 0.0 0.0 0.0 -0.55982845812 0.828608522808
1619142097336734565 0.170760625882 -0.411503479818 0.0 0.0 0.0 -0.56068710412 0.828027749973
1619142097900642816 0.179921177682 -0.434934928467 0.0 0.0 0.0 -0.567927553534 0.823078529684
1619142098436327865 0.188013521362 -0.427962913747 0.0 0.0 0.0 -0.569311171822 0.822122164715
1619142098989890282 0.200223647059 -0.462114461733 0.0 0.0 0.0 -0.582063436928 0.813143400076
1619142099494852448 0.208143520182 -0.486313369988 0.0 0.0 0.0 -0.591647492248 0.80619679217
1619142100052637513 0.217164148063 -0.51558059598 0.0 0.0 0.0 -0.593798862387 0.804613504555
1619142100604394983 0.225590658955 -0.542594062901 0.0 0.0 0.0 -0.589364777224 0.807867029059
1619142101131287040 0.235959412357 -0.573232083022 0.0 0.0 0.0 -0.573213879268 0.819405779509
1619142101676237815 0.249558556008 -0.606793267448 0.0 0.0 0.0 -0.540862543411 0.841111027775
1619142102197322865 0.26004652279 -0.627578554907 0.0 0.0 0.0 -0.510642152771 0.85979333227
1619142102760026289 0.276963873001 -0.655489485942 0.0 0.0 0.0 -0.467978619484 0.883739778471
1619142103317284927 0.298716474332 -0.690246085678 0.0 0.0 0.0 -0.393080209704 0.919504188299
1619142103851482462 0.322255910869 -0.712108261238 0.0 0.0 0.0 -0.337314119577 0.941392165665
1619142104361428045 0.339726523003 -0.725292640697 0.0 0.0 0.0 -0.297278119892 0.954790906656
1619142104929464982 0.365365003727 -0.7408261403 0.0 0.0 0.0 -0.241575240202 0.970382078319
1619142105484115353 0.394465441741 -0.754071450231 0.0 0.0 0.0 -0.181490669458 0.983392654523
1619142106023772287 0.421800163691 -0.762867116483 0.0 0.0 0.0 -0.132439350666 0.991191096265
1619142106559965183 0.452431448667 -0.769656382158 0.0 0.0 0.0 -0.0873574862463 0.996177041412
1619142107107689639 0.480677833604 -0.773593575995 0.0 0.0 0.0 -0.0521608939597 0.998638673181
1619142107705107249 0.451005849381 -0.782102796865 0.0 0.0 0.0 -0.0430412466107 0.999073301946
1619142108262640358 0.486791897508 -0.783941681863 0.0 0.0 0.0 -0.00889476984217 0.999960468508
1619142108826740574 0.518878058439 -0.783523118225 0.0 0.0 0.0 0.0213760284525 0.99977150141
1619142109382552875 0.549545771884 -0.781631491025 0.0 0.0 0.0 0.0381914794404 0.999270420072
1619142109905793799 0.576573787224 -0.779253892224 0.0 0.0 0.0 0.0505288480468 0.998722580452
1619142110418444729 0.605588525722 -0.775904506805 0.0 0.0 0.0 0.0654007684261 0.99785907636
1619142110942458877 0.626934292824 -0.77284286791 0.0 0.0 0.0 0.0768102402863 0.997045742152
1619142111488453170 0.658131373012 -0.767581819481 0.0 0.0 0.0 0.0897696839851 0.995962528723
1619142112033533550 0.685262354645 -0.762308789891 0.0 0.0 0.0 0.101356773972 0.994850167815
1619142112596631836 0.709195360266 -0.757068538564 0.0 0.0 0.0 0.114340951265 0.993441584925
1619142113165529462 0.739870365797 -0.749131240447 0.0 0.0 0.0 0.141085131279 0.989997493249
1619142113700130944 0.725732417137 -0.747565508004 0.0 0.0 0.0 0.170242457217 0.985402178007
1619142114240094712 0.750645270414 -0.737691379077 0.0 0.0 0.0 0.205931924066 0.978566311657
1619142114782989035 0.780615457583 -0.72278107525 0.0 0.0 0.0 0.251636335939 0.967821881298
1619142115356224731 0.798900269231 -0.711840062488 0.0 0.0 0.0 0.281366816967 0.959600299713
1619142115891258426 0.82547989964 -0.692984792544 0.0 0.0 0.0 0.325690874277 0.945476300307
1619142116423267324 0.84143388182 -0.679832223 0.0 0.0 0.0 0.350504004097 0.936561207245
1619142116946123081 0.866397291203 -0.656073898199 0.0 0.0 0.0 0.392409213905 0.919790717468
1619142117460016230 0.884097496876 -0.636056198593 0.0 0.0 0.0 0.42934291464 0.903141529434
1619142118089382079 0.901056623434 -0.613444236459 0.0 0.0 0.0 0.464408507403 0.885621131578
1619142118632031286 0.916356363452 -0.589289051973 0.0 0.0 0.0 0.500098246474 0.865968658326
1619142119249148293 0.895923337372 -0.625544567255 0.0 0.0 0.0 0.542439231349 0.840095074797
1619142119773657743 0.908284599701 -0.594734378417 0.0 0.0 0.0 0.578754354179 0.815501938011
1619142120308875425 0.914685966755 -0.574860535931 0.0 0.0 0.0 0.598762764596 0.800926417884
1619142120864929316 0.921434065163 -0.549760280442 0.0 0.0 0.0 0.617658905244 0.786446123727
1619142121401349707 0.928637921831 -0.517267675449 0.0 0.0 0.0 0.633018347446 0.774136767556
1619142121931139105 0.933360929797 -0.492556663992 0.0 0.0 0.0 0.64162035014 0.767022370709
1619142122441954494 0.936966091971 -0.471398494503 0.0 0.0 0.0 0.648567106491 0.761157509031
1619142122964429311 0.942464339719 -0.435317059009 0.0 0.0 0.0 0.652895392884 0.757448075289
1619142123485725838 0.945763484438 -0.413545342397 0.0 0.0 0.0 0.651320577276 0.7588026524
1619142124020474985 0.950311634464 -0.384027044653 0.0 0.0 0.0 0.651297621867 0.758822403452
1619142124580237860 0.954110736266 -0.359438438621 0.0 0.0 0.0 0.65063124743 0.759393818823
1619142125136066415 0.958513280447 -0.330691635126 0.0 0.0 0.0 0.651874413595 0.758326992439
1619142125703629189 0.992975509631 -0.314420694902 0.0 0.0 0.0 0.665662684431 0.746252778933
1619142126249583731 0.996679735817 -0.282643114973 0.0 0.0 0.0 0.664439088576 0.747342400501
1619142126759640331 0.999107476775 -0.261623134684 0.0 0.0 0.0 0.665946207216 0.745999741924
1619142127327073929 1.00221318774 -0.234541032005 0.0 0.0 0.0 0.664461276002 0.747322664525
1619142127893779941 1.00632567355 -0.199880680188 0.0 0.0 0.0 0.663707460927 0.747992241713
1619142128417197745 1.00857415709 -0.181082271804 0.0 0.0 0.0 0.66404034631 0.747696736719
1619142128960251638 1.01229751219 -0.149638297115 0.0 0.0 0.0 0.665186522722 0.74667722817
1619142129507609398 1.01547035602 -0.1217486576 0.0 0.0 0.0 0.665929028706 0.746015050271
1619142130124152901 1.01855188898 -0.0949185296757 0.0 0.0 0.0 0.665463999304 0.746429958428
1619142130751841481 1.02178569924 -0.0665263425461 0.0 0.0 0.0 0.66653164093 0.745476776786
1619142131266234160 1.02529883939 -0.0389215375855 0.0 0.0 0.0 0.665406691889 0.746481000247
1619142131766752280 1.07569534586 -0.0262630123332 0.0 0.0 0.0 0.678188325804 0.734888153103
1619142132334691555 1.07776824131 -0.00042792548732 0.0 0.0 0.0 0.67801495057 0.735048137795
1619142132853122685 1.07991378783 0.0253504084066 0.0 0.0 0.0 0.677069484168 0.735919095714
1619142133436471683 1.08195982654 0.0511622048089 0.0 0.0 0.0 0.679577680796 0.733603574948
1619142133958030195 1.08360158416 0.0727151342274 0.0 0.0 0.0 0.679269690733 0.733888737428
1619142134525714810 1.08615649608 0.105164221927 0.0 0.0 0.0 0.679289964418 0.733869980943
1619142135083228651 1.08767425642 0.124797340592 0.0 0.0 0.0 0.678937750766 0.734195805855
1619142135715445215 1.09009003956 0.15718081255 0.0 0.0 0.0 0.682934814335 0.73047933554
1619142136282771536 1.07994544015 0.156179149737 0.0 0.0 0.0 0.684771038703 0.728758291306
1619142136827828308 1.07280896295 0.164162507162 0.0 0.0 0.0 0.695608989889 0.718420573683
1619142137332391284 1.0730059 0.184838509626 0.0 0.0 0.0 0.712394008771 0.701779716122
1619142137834380379 1.0717651236 0.209708316244 0.0 0.0 0.0 0.736020880176 0.676958808212
1619142138390295728 1.06978670415 0.227898700428 0.0 0.0 0.0 -0.751873654621 -0.659307219633
1619142138893529888 1.06703169758 0.246321482902 0.0 0.0 0.0 -0.76398170566 -0.645237909663
1619142139471195928 1.06127244593 0.273214638903 0.0 0.0 0.0 -0.792784472435 -0.609502077356
1619142140061761006 1.05231895157 0.300869657118 0.0 0.0 0.0 -0.823949158939 -0.566663721498
1619142140620492298 1.04036300597 0.327503184563 0.0 0.0 0.0 -0.854312047827 -0.519760404397
1619142141124892626 1.02876894945 0.347689054303 0.0 0.0 0.0 -0.876304679932 -0.481757371383
