1619141963538069613 0.113958 -0.00834401 0 0 0 -0.754659 0.656117
1619141963738426750 0.112574 -0.00545434 0 0 0 -0.755395 0.655269
1619141963939809194 0.112751 -0.00512676 0 0 0 -0.75597 0.654606
1619141964140301329 0.112065 -0.00574657 0 0 0 -0.755949 0.654631
1619141964340434559 0.11063 -0.00204268 0 0 0 -0.756541 0.653946
1619141964540556905 0.111159 -0.00358334 0 0 0 -0.756865 0.653571
1619141964741924190 0.111397 -0.00405564 0 0 0 -0.756434 0.65407
1619141964942056327 0.111536 -0.0048599 0 0 0 -0.756765 0.653687
1619141965143612361 0.109894 -0.00756308 0 0 0 -0.756349 0.654168
1619141965343546372 0.108528 -0.0102096 0 0 0 -0.756313 0.65421
1619141965544896313 0.106324 -0.0106447 0 0 0 -0.756437 0.654067
1619141965744902198 0.10521 -0.0116602 0 0 0 -0.757204 0.653178
1619141965946151931 0.104923 -0.0117262 0 0 0 -0.757377 0.652976
1619141966146153649 0.104688 -0.0131257 0 0 0 -0.758135 0.652096
1619141966347379995 0.103246 -0.0173203 0 0 0 -0.758564 0.651598
1619141966547409264 0.102652 -0.0166984 0 0 0 -0.758923 0.65118
1619141966751274918 0.10154 -0.016622 0 0 0 -0.759038 0.651046
1619141967149891120 0.0988556 -0.0273437 0 0 0 -0.758619 0.651533
1619141967349908305 0.0974565 -0.0294892 0 0 0 -0.764197 0.644981
1619141967551273502 0.0949308 -0.0314302 0 0 0 -0.764121 0.645071
1619141967751273968 0.092369 -0.0376128 0 0 0 -0.764378 0.644766
1619141967952518437 0.0896985 -0.0441707 0 0 0 -0.764888 0.644161
1619141968152935410 0.0889157 -0.0505178 0 0 0 -0.765287 0.643687
1619141968354012118 0.0883218 -0.0573367 0 0 0 -0.765746 0.64314
1619141968554006020 0.0854276 -0.0661314 0 0 0 -0.764804 0.64426
1619141968755264445 0.082721 -0.0736458 0 0 0 -0.764756 0.644316
1619141968955285326 0.0771183 -0.0893498 0 0 0 -0.764947 0.644089
1619141969156501251 0.0746298 -0.101057 0 0 0 -0.762491 0.646995
1619141969357794779 0.0728697 -0.110797 0 0 0 -0.768241 0.640157
1619141969557771440 0.0711126 -0.115874 0 0 0 -0.766653 0.642059
1619141969758985437 0.0661582 -0.124633 0 0 0 -0.766692 0.642012
1619141969959007306 0.0619363 -0.139783 0 0 0 -0.766386 0.642377
1619141970160456092 0.0548919 -0.150564 0 0 0 -0.766943 0.641711
1619141970360371085 0.0485029 -0.168509 0 0 0 -0.766891 0.641774
1619141970561743361 0.0433706 -0.181984 0 0 0 -0.769007 0.639238
1619141970761991633 0.0381634 -0.195047 0 0 0 -0.769271 0.638919
1619141970963261722 0.0328973 -0.205392 0 0 0 -0.771665 0.636025
1619141971163249577 0.0325875 -0.209594 0 0 0 -0.770598 0.637318
1619141971364491019 0.0298162 -0.229336 0 0 0 -0.768886 0.639382
1619141971564875747 0.0261982 -0.24178 0 0 0 -0.76776 0.640734
1619141971765749951 0.0272674 -0.253701 0 0 0 -0.766357 0.642412
1619141971967219152 0.0261575 -0.270263 0 0 0 -0.763654 0.645622
1619141972167000861 0.0130102 -0.289687 0 0 0 -0.766807 0.641874
1619141972368225583 0.00726471 -0.302036 0 0 0 -0.767054 0.641579
1619141972568267238 0.00585825 -0.31993 0 0 0 -0.767051 0.641583
1619141972769487949 0.0125643 -0.329562 0 0 0 -0.765037 0.643982
1619141972969607104 0.00433399 -0.339924 0 0 0 -0.765255 0.643722
1619141973170892241 -0.00364428 -0.359027 0 0 0 -0.764881 0.644167
1619141973370850405 -0.00315026 -0.373149 0 0 0 -0.763026 0.646363
1619141973572102573 0.00215731 -0.38019 0 0 0 -0.760685 0.649117
1619141973772330736 -0.0019601 -0.392184 0 0 0 -0.759404 0.650616
1619141973973602070 -0.00624909 -0.405586 0 0 0 -0.759813 0.650137
1619141974173601587 -0.00854677 -0.416149 0 0 0 -0.761227 0.648481
1619141974374845889 -0.0157337 -0.426057 0 0 0 -0.763056 0.646329
1619141974574833843 -0.0235576 -0.436076 0 0 0 -0.765543 0.64338
1619141974776104082 -0.0330234 -0.445445 0 0 0 -0.766794 0.641889
1619141974977343019 -0.0332775 -0.455186 0 0 0 -0.765206 0.643781
1619141975177385347 -0.0385414 -0.466383 0 0 0 -0.765006 0.644019
1619141975378686782 -0.0510315 -0.483976 0 0 0 -0.773192 0.634167
1619141975578619266 -0.0488749 -0.493664 0 0 0 -0.776511 0.630099
1619141975779881274 -0.0547524 -0.505861 0 0 0 -0.781415 0.624006
1619141975979849175 -0.0544569 -0.521479 0 0 0 -0.790142 0.612917
1619141976181111859 -0.0521197 -0.533204 0 0 0 -0.800431 0.599418
1619141976381200330 -0.0542248 -0.544661 0 0 0 -0.810283 0.586032
1619141976582611346 -0.0529362 -0.556258 0 0 0 -0.821832 0.569722
1619141976782688880 -0.0635187 -0.565828 0 0 0 -0.836051 0.548641
1619141976983978126 -0.0648699 -0.574961 0 0 0 -0.845271 0.534327
1619141977184149513 -0.068338 -0.586896 0 0 0 -0.856547 0.516057
1619141977385487559 -0.0741291 -0.600017 0 0 0 0.868211 -0.496191
1619141977585786288 -0.0839037 -0.609813 0 0 0 0.88445 -0.466631
1619141977785892830 -0.0909638 -0.615671 0 0 0 0.896711 -0.442612
1619141977987343011 -0.0976774 -0.624481 0 0 0 0.908721 -0.417399
1619141978187325334 -0.0954948 -0.63261 0 0 0 0.919897 -0.392154
1619141978388576765 -0.0988143 -0.644489 0 0 0 0.930274 -0.366859
1619141978588562682 -0.101256 -0.653507 0 0 0 0.940859 -0.338793
1619141978789837862 -0.109987 -0.661809 0 0 0 0.949046 -0.31513
1619141978991069709 -0.117134 -0.673368 0 0 0 0.957259 -0.289225
1619141979191078541 -0.126637 -0.682719 0 0 0 0.966352 -0.257215
1619141979392330126 -0.127504 -0.688805 0 0 0 0.972206 -0.23412
1619141979592345885 -0.14067 -0.695626 0 0 0 0.978042 -0.208397
1619141979793572001 -0.144595 -0.701788 0 0 0 0.983442 -0.181212
1619141979994888585 -0.149888 -0.706417 0 0 0 0.98795 -0.154761
1619141980194946218 -0.161059 -0.714902 0 0 0 0.991697 -0.12858
1619141980396200353 -0.16786 -0.722928 0 0 0 0.994518 -0.104548
1619141980596242308 -0.181005 -0.725637 0 0 0 0.997064 -0.0765491
1619141980797437954 -0.188261 -0.728571 0 0 0 0.998626 -0.0523677
1619141980997448191 -0.203253 -0.733419 0 0 0 0.999603 -0.0281025
1619141981198816490 -0.202038 -0.73697 0 0 0 0.999936 -0.0111656
1619141981398932714 -0.212311 -0.735681 0 0 0 0.999998 0.000460306
1619141981600177577 -0.222386 -0.735579 0 0 0 0.999913 0.0130426
1619141981800177916 -0.232995 -0.735575 0 0 0 0.999773 0.0212144
1619141982001548143 -0.247675 -0.735323 0 0 0 0.999649 0.0264259
1619141982201584366 -0.249013 -0.736611 0 0 0 0.999431 0.0336734
1619141982402824644 -0.256602 -0.737154 0 0 0 0.99912 0.0418961
1619141982602929356 -0.273389 -0.735435 0 0 0 0.998665 0.0516107
1619141982804310571 -0.289033 -0.73271 0 0 0 0.99819 0.0601056
1619141983004317783 -0.307135 -0.731728 0 0 0 0.997435 0.0715529
1619141983204441764 -0.317139 -0.732641 0 0 0 0.996806 0.0798371
1619141983405695218 -0.335653 -0.727513 0 0 0 0.995799 0.0915393
1619141983606948671 -0.346338 -0.722783 0 0 0 0.994783 0.101997
1619141983806945205 -0.367328 -0.71916 0 0 0 0.993748 0.111632
1619141984007004551 -0.374774 -0.717898 0 0 0 0.992584 0.121546
1619141984208191493 -0.386121 -0.716348 0 0 0 0.991719 0.12841
1619141984408196983 -0.400834 -0.713845 0 0 0 0.990559 0.137076
1619141984609427571 -0.422328 -0.706848 0 0 0 0.989222 0.146409
1619141984809561654 -0.433031 -0.700768 0 0 0 0.987548 0.157303
1619141985010804325 -0.445143 -0.696579 0 0 0 0.986052 0.166427
1619141985212042202 -0.453778 -0.688787 0 0 0 0.98422 0.176936
1619141985412032535 -0.468376 -0.685887 0 0 0 0.983448 0.181179
1619141985615793210 -0.477919 -0.680224 0 0 0 0.981604 0.190918
1619141986014425655 -0.49789 -0.667575 0 0 0 0.978764 0.20498
1619141986214408798 -0.509008 -0.65978 0 0 0 0.976861 0.213867
1619141986414803398 -0.525267 -0.649634 0 0 0 0.974301 0.225242
1619141986616034503 -0.542183 -0.644194 0 0 0 0.971366 0.237581
1619141986816041970 -0.554443 -0.635946 0 0 0 0.969061 0.246811
1619141987017303335 -0.562081 -0.627599 0 0 0 0.966633 0.256157
1619141987217279550 -0.573271 -0.625159 0 0 0 0.964015 0.26584
1619141987418655496 -0.581541 -0.614547 0 0 0 0.962145 0.272529
1619141987618642232 -0.584517 -0.605449 0 0 0 0.958764 0.284194
1619141987819907606 -0.599034 -0.595789 0 0 0 0.955633 0.294552
1619141988021161106 -0.601744 -0.586858 0 0 0 0.955894 0.293706
1619141988221147267 -0.614048 -0.576121 0 0 0 0.954564 0.297997
1619141988422411181 -0.6261 -0.567606 0 0 0 0.952224 0.305394
1619141988623639835 -0.644022 -0.556299 0 0 0 0.947765 0.318964
1619141988823668340 -0.655213 -0.548155 0 0 0 0.945275 0.326267
1619141989024883088 -0.665477 -0.545296 0 0 0 0.943775 0.330583
1619141989224929299 -0.676821 -0.537053 0 0 0 0.941868 0.335977
1619141989426289461 -0.683713 -0.530628 0 0 0 0.940115 0.34085
1619141989626385048 -0.690809 -0.520358 0 0 0 0.937683 0.347484
1619141989827652554 -0.703773 -0.515032 0 0 0 0.933506 0.358556
1619141990027784130 -0.719918 -0.50075 0 0 0 0.926255 0.37689
1619141990229156634 -0.726173 -0.488546 0 0 0 0.921411 0.388584
1619141990430377524 -0.73428 -0.477783 0 0 0 0.913748 0.406275
1619141990630407745 -0.744582 -0.468117 0 0 0 0.904216 0.42707
1619141990831648114 -0.754132 -0.463891 0 0 0 0.894802 0.446458
1619141991031642137 -0.761752 -0.45677 0 0 0 0.882476 0.470352
1619141991232885005 -0.770308 -0.444194 0 0 0 0.868403 0.495853
1619141991433005536 -0.781538 -0.42997 0 0 0 0.85326 0.52147
1619141991634248039 -0.789662 -0.425633 0 0 0 0.837656 0.546184
1619141991834263675 -0.795969 -0.410461 0 0 0 0.822248 0.569117
1619141992035568990 -0.803493 -0.411155 0 0 0 0.806594 0.591095
1619141992235526500 -0.801481 -0.39677 0 0 0 0.796321 0.604864
1619141992436881084 -0.805963 -0.398983 0 0 0 0.7857 0.618597
1619141992637011405 -0.814765 -0.369553 0 0 0 0.76603 0.642796
1619141992837179017 -0.812045 -0.361159 0 0 0 0.764366 0.644774
1619141993038502091 -0.813043 -0.34779 0 0 0 0.757696 0.652599
1619141993238516214 -0.817462 -0.332526 0 0 0 0.753213 0.657769
1619141993439737568 -0.822246 -0.309831 0 0 0 0.745344 0.666672
1619141993639767576 -0.821546 -0.308841 0 0 0 0.740337 0.672228
1619141993841120388 -0.823349 -0.297712 0 0 0 0.733122 0.68009
1619141994041132530 -0.827759 -0.291732 0 0 0 0.720873 0.693061
1619141994242358363 -0.827287 -0.271141 0 0 0 0.71637 0.697714
1619141994444898093 -0.825282 -0.262041 0 0 0 0.712649 0.701514
1619141994843594259 -0.823332 -0.229951 0 0 0 0.710149 0.704044
1619141995044873268 -0.823246 -0.219031 0 0 0 0.718167 0.695863
1619141995244847803 -0.825193 -0.213513 0 0 0 0.720396 0.693555
1619141995446235664 -0.826169 -0.200196 0 0 0 0.724562 0.689202
1619141995646389939 -0.828857 -0.180787 0 0 0 0.723299 0.690527
1619141995847599519 -0.82966 -0.170577 0 0 0 0.724974 0.688768
1619141996047759210 -0.827661 -0.15478 0 0 0 0.72722 0.686397
1619141996247744109 -0.826961 -0.136899 0 0 0 0.725007 0.688734
1619141996449037177 -0.827455 -0.122125 0 0 0 0.72481 0.688941
1619141996650227173 -0.822792 -0.118001 0 0 0 0.733297 0.679901
1619141996850467279 -0.822935 -0.0950865 0 0 0 0.730214 0.683211
1619141997050466969 -0.817105 -0.0884798 0 0 0 0.733461 0.679724
1619141997250970770 -0.82136 -0.0727156 0 0 0 0.727868 0.68571
1619141997452230295 -0.822026 -0.0559857 0 0 0 0.726111 0.68757
1619141997652223786 -0.818898 -0.0375887 0 0 0 0.730929 0.682446
1619141997853592894 -0.815788 -0.0264672 0 0 0 0.73008 0.683353
1619141998053604718 -0.810811 -0.00549377 0 0 0 0.726038 0.687647
1619141998254964032 -0.808859 -0.000376274 0 0 0 0.723652 0.690157
1619141998454967522 -0.809403 0.0231435 0 0 0 0.716821 0.69725
1619141998656245378 -0.805407 0.0306631 0 0 0 0.713531 0.700616
1619141998856220222 -0.803583 0.0403707 0 0 0 0.707055 0.707152
1619141999057562870 -0.800846 0.053933 0 0 0 0.700569 0.713578
1619141999258717601 -0.800811 0.0649383 0 0 0 0.698926 0.715187
1619141999458704422 -0.796897 0.0802703 0 0 0 0.695022 0.718982
1619141999659995194 -0.797264 0.0942603 0 0 0 0.6838 0.729662
1619141999859950141 -0.79752 0.09915 0 0 0 0.6752 0.737628
1619142000061218100 -0.795494 0.107693 0 0 0 0.668323 0.743865
1619142000261573876 -0.795161 0.114941 0 0 0 0.66172 0.749745
1619142000461692830 -0.788945 0.127581 0 0 0 0.658969 0.752165
1619142000662943028 -0.785505 0.139615 0 0 0 0.650825 0.759222
1619142000863381355 -0.784777 0.15481 0 0 0 0.643129 0.765752
1619142001064656500 -0.779749 0.168054 0 0 0 0.642657 0.766148
1619142001264675923 -0.775889 0.18217 0 0 0 0.640884 0.767632
1619142001465869869 -0.775106 0.195971 0 0 0 0.646024 0.763311
1619142001665815073 -0.771076 0.20933 0 0 0 0.647324 0.762209
1619142001866190222 -0.769214 0.219973 0 0 0 0.652215 0.758028
1619142002067468439 -0.766348 0.229494 0 0 0 0.65039 0.759595
1619142002267581140 -0.761351 0.250042 0 0 0 0.649543 0.76032
1619142002469108520 -0.755487 0.267248 0 0 0 0.649908 0.760007
1619142002669087212 -0.755288 0.275841 0 0 0 0.649962 0.759962
1619142002869465485 -0.754135 0.291733 0 0 0 0.649202 0.760611
1619142003070823595 -0.743597 0.314223 0 0 0 0.641607 0.767028
1619142003270974993 -0.73937 0.326849 0 0 0 0.640135 0.768257
1619142003472179926 -0.733784 0.342569 0 0 0 0.638404 0.769696
1619142003672421218 -0.732392 0.351092 0 0 0 0.637335 0.770581
1619142003873682349 -0.729249 0.365101 0 0 0 0.63698 0.770875
1619142004073680049 -0.724933 0.371286 0 0 0 0.636957 0.770894
1619142004274942428 -0.720485 0.391473 0 0 0 0.633225 0.773962
1619142004476186526 -0.719232 0.410731 0 0 0 0.624343 0.781145
1619142004676318338 -0.714977 0.427856 0 0 0 0.615033 0.788496
1619142004877846184 -0.709852 0.445146 0 0 0 0.605679 0.795704
1619142005077931382 -0.706466 0.465028 0 0 0 0.595794 0.803132
1619142005279185218 -0.70256 0.487032 0 0 0 0.589953 0.807432
1619142005479557288 -0.70105 0.495646 0 0 0 0.582246 0.813007
1619142005680817530 -0.695319 0.505613 0 0 0 0.580406 0.814322
1619142005880803457 -0.690204 0.525569 0 0 0 0.577966 0.816056
1619142006082041563 -0.68683 0.543741 0 0 0 0.56745 0.823403
1619142006282040249 -0.683259 0.559132 0 0 0 0.550989 0.834508
1619142006483299812 -0.675263 0.577109 0 0 0 0.532599 0.846363
1619142006683290894 -0.670062 0.596472 0 0 0 0.511246 0.859431
1619142006884587905 -0.66377 0.607059 0 0 0 0.487359 0.873198
1619142007084634090 -0.658396 0.623773 0 0 0 0.461328 0.887226
1619142007285787037 -0.652618 0.639532 0 0 0 0.428663 0.903461
1619142007485911346 -0.647978 0.650775 0 0 0 0.40096 0.916092
1619142007687195595 -0.641088 0.668463 0 0 0 0.371376 0.928479
1619142007887174123 -0.632896 0.682208 0 0 0 0.343942 0.938988
1619142008088419465 -0.627471 0.690477 0 0 0 0.323293 0.946296
1619142008288522783 -0.614339 0.699966 0 0 0 0.288963 0.957337
1619142008489769635 -0.607739 0.712944 0 0 0 0.25191 0.967748
1619142008689775817 -0.596107 0.721896 0 0 0 0.215876 0.976418
1619142008891018242 -0.586123 0.733053 0 0 0 0.178254 0.983981
1619142009092268375 -0.578637 0.738213 0 0 0 0.142009 0.989862
1619142009292260702 -0.566763 0.742262 0 0 0 0.110384 0.993886
1619142009492376674 -0.552461 0.746623 0 0 0 0.082843 0.99656
1619142009693645191 -0.539726 0.752056 0 0 0 0.0546046 0.998505
1619142009893651476 -0.534918 0.749594 0 0 0 0.0334094 0.999439
1619142010094891347 -0.523374 0.751714 0 0 0 0.0160915 0.999868
1619142010295165233 -0.512197 0.752988 0 0 0 -0.00584202 0.99998
1619142010496396718 -0.499425 0.759702 0 0 0 -0.0263327 0.99965
1619142010696385918 -0.49423 0.758111 0 0 0 -0.0341304 0.999414
1619142010897635684 -0.476743 0.757555 0 0 0 -0.0437932 0.999038
1619142011097747852 -0.462374 0.755649 0 0 0 -0.0515711 0.998666
1619142011299009178 -0.449235 0.755223 0 0 0 -0.0604292 0.998169
1619142011500264776 -0.437934 0.752649 0 0 0 -0.0688276 0.997625
1619142011700299078 -0.427741 0.752625 0 0 0 -0.0706066 0.997501
1619142011901507436 -0.415479 0.746909 0 0 0 -0.0667295 0.997768
1619142012101498562 -0.401818 0.744735 0 0 0 -0.0704491 0.997512
1619142012302738637 -0.385816 0.740905 0 0 0 -0.0685694 0.997643
1619142012502752522 -0.370782 0.737355 0 0 0 -0.0693776 0.997587
1619142012704030097 -0.356736 0.733768 0 0 0 -0.070748 0.997491
1619142012903987732 -0.340804 0.730457 0 0 0 -0.0695813 0.997573
1619142013105349837 -0.327881 0.728756 0 0 0 -0.0698254 0.997556
1619142013306634858 -0.307941 0.725288 0 0 0 -0.0679888 0.997683
1619142013506637387 -0.288548 0.721092 0 0 0 -0.0648805 0.99789
1619142013707903190 -0.272596 0.719202 0 0 0 -0.062095 0.998067
1619142013909137066 -0.259292 0.71424 0 0 0 -0.0610636 0.99813
1619142014109127459 -0.247479 0.713191 0 0 0 -0.0624092 0.998047
1619142014310382114 -0.234106 0.708455 0 0 0 -0.0610077 0.998134
1619142014510499381 -0.216149 0.706239 0 0 0 -0.0606699 0.998154
1619142014711880390 -0.200245 0.702227 0 0 0 -0.0598685 0.998203
1619142014912251665 -0.190702 0.700048 0 0 0 -0.0593757 0.998232
1619142015112496066 -0.177349 0.700778 0 0 0 -0.0595064 0.998224
1619142015313894156 -0.162106 0.699222 0 0 0 -0.0588432 0.998264
1619142015514059963 -0.146295 0.6965 0 0 0 -0.0579941 0.998313
1619142015715232430 -0.133415 0.693758 0 0 0 -0.0645906 0.997908
1619142015915249070 -0.11575 0.691789 0 0 0 -0.0788529 0.996883
1619142016116537577 -0.10185 0.689679 0 0 0 -0.0868981 0.996214
1619142016316488019 -0.0851012 0.689714 0 0 0 -0.094923 0.995481
1619142016517754807 -0.0725 0.683667 0 0 0 -0.110475 0.993876
1619142016717782748 -0.051684 0.684079 0 0 0 -0.137152 0.990547
1619142016918968963 -0.0377229 0.684052 0 0 0 -0.162811 0.986654
1619142017118967789 -0.0246665 0.680969 0 0 0 -0.190371 0.981709
1619142017320218274 -0.0109984 0.678675 0 0 0 -0.215917 0.976408
1619142017520222255 0.00190939 0.678292 0 0 0 -0.245876 0.969298
1619142017721469250 0.0103452 0.672781 0 0 0 -0.269461 0.963008
1619142017921731615 0.0241354 0.662945 0 0 0 -0.294047 0.955787
1619142018122969338 0.0356395 0.658884 0 0 0 -0.319685 0.94752
1619142018322965402 0.0449401 0.653536 0 0 0 -0.343784 0.939045
1619142018524347550 0.0546902 0.649663 0 0 0 -0.36857 0.929596
1619142018724461842 0.0632438 0.642857 0 0 0 -0.393225 0.919438
1619142018925716023 0.0749962 0.63736 0 0 0 -0.417294 0.908767
1619142019125958022 0.085481 0.630453 0 0 0 -0.440336 0.897829
1619142019327335429 0.0935535 0.623793 0 0 0 -0.463618 0.886031
1619142019527331751 0.0904649 0.613236 0 0 0 -0.476869 0.87897
1619142019728599733 0.0975706 0.606591 0 0 0 -0.499575 0.866266
1619142019928578295 0.102804 0.596547 0 0 0 -0.522651 0.852541
1619142020129832629 0.110318 0.59065 0 0 0 -0.544861 0.838521
1619142020330096136 0.117719 0.582019 0 0 0 -0.557494 0.830175
1619142020531329585 0.121628 0.574387 0 0 0 -0.565569 0.824695
1619142020731326895 0.121615 0.564121 0 0 0 -0.569931 0.821687
1619142020932579875 0.117629 0.541855 0 0 0 -0.557409 0.830232
1619142021132580726 0.122098 0.529438 0 0 0 -0.56903 0.822311
1619142021333817142 0.129528 0.520929 0 0 0 -0.582351 0.812931
1619142021533826118 0.133045 0.505823 0 0 0 -0.588384 0.808575
1619142021735077794 0.135499 0.494756 0 0 0 -0.59494 0.803764
1619142021935088228 0.139665 0.484794 0 0 0 -0.600815 0.799381
1619142022136460475 0.145056 0.471391 0 0 0 -0.60947 0.792802
1619142022336443200 0.146814 0.464321 0 0 0 -0.617141 0.786846
1619142022537922217 0.151584 0.449705 0 0 0 -0.621959 0.783043
1619142022737710619 0.153249 0.441606 0 0 0 -0.628422 0.777865
1619142022939321823 0.157821 0.430748 0 0 0 -0.633858 0.773442
1619142023139351056 0.159607 0.414767 0 0 0 -0.639022 0.769181
1619142023340540386 0.159142 0.40565 0 0 0 -0.639328 0.768927
1619142023540550661 0.159426 0.391152 0 0 0 -0.638465 0.769644
1619142023741806709 0.162351 0.372925 0 0 0 -0.638995 0.769204
1619142023941802869 0.164366 0.364398 0 0 0 -0.639574 0.768722
1619142024142058038 0.164456 0.355097 0 0 0 -0.63983 0.768509
1619142024343389553 0.164564 0.343696 0 0 0 -0.639746 0.768579
1619142024543424305 0.166657 0.335364 0 0 0 -0.639238 0.769002
1619142024744774830 0.170945 0.326318 0 0 0 -0.637922 0.770094
1619142024944772968 0.171636 0.317403 0 0 0 -0.638668 0.769475
1619142025145918650 0.172126 0.305591 0 0 0 -0.638928 0.769259
1619142025345927203 0.171054 0.300125 0 0 0 -0.639799 0.768535
1619142025547344289 0.173017 0.283601 0 0 0 -0.638412 0.769688
1619142025747417321 0.171711 0.270843 0 0 0 -0.63102 0.77576
1619142025948908625 0.171956 0.262001 0 0 0 -0.624011 0.781409
1619142026149041916 0.173451 0.248197 0 0 0 -0.619699 0.784833
1619142026349288643 0.172081 0.235894 0 0 0 -0.613412 0.789757
1619142026550544895 0.172446 0.226118 0 0 0 -0.605108 0.796137
1619142026750570374 0.17258 0.215907 0 0 0 -0.597462 0.801892
1619142026952367039 0.174676 0.200399 0 0 0 -0.591671 0.806174
1619142027152165695 0.175094 0.188266 0 0 0 -0.585564 0.81062
1619142027353549081 0.180975 0.180626 0 0 0 -0.571893 0.820322
1619142027553533204 0.177276 0.170216 0 0 0 -0.576595 0.817024
1619142027755127421 0.184897 0.147851 0 0 0 -0.576141 0.817344
1619142027955287741 0.184559 0.137367 0 0 0 -0.57353 0.819179
1619142028155283113 0.186871 0.125123 0 0 0 -0.572553 0.819862
1619142028356536810 0.191629 0.11166 0 0 0 -0.565802 0.824535
1619142028556542182 0.195595 0.0984956 0 0 0 -0.560042 0.828459
1619142028757784525 0.198437 0.0895506 0 0 0 -0.551017 0.834488
1619142028957792605 0.202165 0.0640373 0 0 0 -0.542153 0.840274
1619142029159036041 0.208414 0.0473076 0 0 0 -0.544514 0.838746
1619142029359286722 0.203709 0.0324946 0 0 0 -0.53676 0.843729
1619142029560597032 0.208586 0.0233874 0 0 0 -0.526431 0.850213
1619142029760534017 0.212374 0.00359897 0 0 0 -0.519828 0.854266
1619142029961956878 0.21727 -0.0104518 0 0 0 -0.510023 0.860156
1619142030161900998 0.21959 -0.0299969 0 0 0 -0.499058 0.866563
1619142030363265108 0.223681 -0.0418789 0 0 0 -0.483746 0.875204
1619142030563521256 0.231429 -0.0587505 0 0 0 -0.464737 0.885444
1619142030764784273 0.233936 -0.0671537 0 0 0 -0.450192 0.892927
1619142030964850787 0.237033 -0.0850356 0 0 0 -0.435929 0.899977
1619142031166193595 0.242987 -0.101816 0 0 0 -0.41183 0.911257
1619142031366243180 0.24618 -0.110328 0 0 0 -0.384033 0.923315
1619142031566403755 0.252928 -0.116104 0 0 0 -0.359044 0.933317
1619142031767756458 0.260672 -0.128796 0 0 0 -0.331823 0.943338
1619142031969007182 0.267879 -0.146763 0 0 0 -0.30757 0.951522
1619142032169003902 0.272233 -0.155079 0 0 0 -0.282777 0.959182
1619142032370250406 0.276606 -0.162792 0 0 0 -0.257425 0.966295
1619142032570381240 0.286109 -0.172389 0 0 0 -0.231842 0.97275
1619142032771754409 0.293249 -0.182878 0 0 0 -0.204848 0.97879
1619142032971888264 0.298647 -0.186835 0 0 0 -0.182111 0.983275
1619142033173270078 0.307889 -0.197754 0 0 0 -0.154107 0.988051
1619142033373248620 0.316688 -0.207064 0 0 0 -0.125803 0.992052
1619142033574813714 0.328188 -0.214425 0 0 0 -0.0970046 0.995281
1619142033774763610 0.338241 -0.217999 0 0 0 -0.066986 0.997751
1619142033974937932 0.349609 -0.230059 0 0 0 -0.0405692 0.999173
1619142034176110996 0.354554 -0.241289 0 0 0 -0.0163824 0.999862
1619142034377391351 0.364738 -0.242681 0 0 0 0.00484845 0.999985
1619142034577494161 0.373959 -0.253241 0 0 0 0.0305542 0.99953
1619142034777497545 0.383572 -0.257206 0 0 0 0.0449734 0.998985
1619142034978984982 0.396029 -0.258395 0 0 0 0.0634276 0.997983
1619142035179002427 0.412032 -0.25783 0 0 0 0.0771894 0.997013
1619142035380244343 0.423117 -0.255288 0 0 0 0.0850145 0.996376
1619142035580248767 0.436522 -0.254766 0 0 0 0.0932509 0.995639
1619142035781493548 0.454639 -0.251251 0 0 0 0.093959 0.995573
1619142035981610783 0.463951 -0.246638 0 0 0 0.0933737 0.995628
1619142036182859261 0.468777 -0.244825 0 0 0 0.0925161 0.995708
1619142036382915506 0.484184 -0.241344 0 0 0 0.093809 0.995587
1619142036584113202 0.493971 -0.235716 0 0 0 0.094193 0.995551
1619142036784111375 0.50231 -0.234715 0 0 0 0.0938522 0.995583
1619142036985355894 0.514216 -0.232795 0 0 0 0.0942783 0.995543
1619142037185342607 0.522126 -0.228183 0 0 0 0.0944369 0.995528
1619142037386601031 0.538827 -0.222173 0 0 0 0.0960038 0.995378
1619142037586844305 0.551831 -0.21916 0 0 0 0.0937531 0.995593
1619142037788084187 0.567248 -0.219637 0 0 0 0.0972686 0.995255
1619142037988106524 0.578947 -0.217483 0 0 0 0.0948151 0.995492
1619142038189380415 0.588149 -0.216558 0 0 0 0.095667 0.99541
1619142038389418741 0.594785 -0.216037 0 0 0 0.0885384 0.99607
1619142038590733309 0.606539 -0.221132 0 0 0 0.0866671 0.996234
1619142038790836270 0.61202 -0.218024 0 0 0 0.084429 0.996426
1619142038992089640 0.632923 -0.219142 0 0 0 0.0827197 0.99657
1619142039192098485 0.643934 -0.216007 0 0 0 0.0843722 0.996431
1619142039393335656 0.656652 -0.215155 0 0 0 0.0842602 0.996441
1619142039593461376 0.667066 -0.215488 0 0 0 0.0858983 0.996301
1619142039794808494 0.68236 -0.214724 0 0 0 0.0867721 0.996225
1619142039995156035 0.695171 -0.221663 0 0 0 0.0830955 0.996538
1619142040196173987 0.70794 -0.218327 0 0 0 0.0841688 0.996448
1619142040396100384 0.721457 -0.215233 0 0 0 0.0789898 0.996872
1619142040596333393 0.73442 -0.2119 0 0 0 0.0801526 0.99678
1619142040797619625 0.751375 -0.206162 0 0 0 0.0816449 0.996658
1619142040997835446 0.764911 -0.202249 0 0 0 0.0811064 0.996702
1619142041199189957 0.781745 -0.198407 0 0 0 0.0825676 0.996582
1619142041399431976 0.794179 -0.198154 0 0 0 0.0826301 0.996577
1619142041599447589 0.816175 -0.192832 0 0 0 0.0844611 0.996424
1619142041800827256 0.828349 -0.190634 0 0 0 0.0850286 0.996376
1619142042000941358 0.832431 -0.19345 0 0 0 0.0843087 0.996437
1619142042202186285 0.842855 -0.190872 0 0 0 0.084837 0.996392
1619142042402330178 0.85214 -0.191736 0 0 0 0.0877645 0.996138
1619142042602567923 0.868451 -0.190955 0 0 0 0.0989374 0.995091
1619142042803939673 0.877038 -0.190818 0 0 0 0.107838 0.994165
1619142043004102106 0.891042 -0.190101 0 0 0 0.123551 0.992335
1619142043205325105 0.899755 -0.190786 0 0 0 0.143286 0.989678
1619142043405494048 0.914394 -0.191366 0 0 0 0.166328 0.986067
1619142043606735744 0.92563 -0.190827 0 0 0 0.195288 0.980743
1619142043806701147 0.937408 -0.18482 0 0 0 0.219885 0.975523
1619142044007915083 0.949329 -0.181968 0 0 0 0.254679 0.967022
1619142044207955432 0.961938 -0.182523 0 0 0 0.290409 0.956899
1619142044409321501 0.971719 -0.18039 0 0 0 0.324301 0.94595
1619142044609296173 0.989275 -0.182756 0 0 0 0.360872 0.932612
1619142044810635784 1.00418 -0.177768 0 0 0 0.395034 0.918663
1619142045010679986 1.01487 -0.182949 0 0 0 0.415461 0.909607
1619142045211922513 1.0233 -0.18206 0 0 0 0.447805 0.894127
1619142045412048381 1.03683 -0.175609 0 0 0 0.478735 0.877955
1619142045613309084 1.05 -0.172987 0 0 0 0.509329 0.860567
1619142045813425681 1.05885 -0.167629 0 0 0 0.539946 0.841695
1619142046014863571 1.06703 -0.164555 0 0 0 0.568059 0.822982
1619142046214811001 1.07388 -0.165853 0 0 0 0.592991 0.805204
1619142046416193369 1.08071 -0.161746 0 0 0 0.620144 0.784483
1619142046616368922 1.09146 -0.158121 0 0 0 0.652492 0.757789
1619142046817526813 1.09228 -0.153866 0 0 0 0.673848 0.738863
1619142047017522523 1.09498 -0.152134 0 0 0 0.691493 0.722376
1619142047218802964 1.09832 -0.135396 0 0 0 0.707417 0.706789
1619142047418779298 1.10127 -0.128465 0 0 0 0.720548 0.693397
1619142047620111926 1.0992 -0.123713 0 0 0 0.731149 0.68221
1619142047820030448 1.10265 -0.112581 0 0 0 0.740577 0.671962
1619142048021288389 1.09912 -0.0901192 0 0 0 0.745986 0.665953
1619142048222658983 1.10032 -0.0735335 0 0 0 0.753311 0.657655
1619142048422536306 1.1 -0.0636181 0 0 0 0.758092 0.652139
1619142048623777162 1.09695 -0.0558046 0 0 0 0.762139 0.647404
1619142048823771151 1.09826 -0.0412476 0 0 0 0.767384 0.641178
1619142049025048257 1.09663 -0.0243376 0 0 0 0.769237 0.638954
1619142049225033859 1.09712 -0.0179111 0 0 0 0.768706 0.639593
1619142049426288568 1.09726 -0.00178031 0 0 0 0.769024 0.639211
1619142049626395055 1.09519 0.0101318 0 0 0 0.769357 0.638809
1619142049827648201 1.09598 0.0250756 0 0 0 0.770242 0.637741
1619142050027862604 1.09796 0.0317804 0 0 0 0.769585 0.638533
1619142050229031531 1.09278 0.0471426 0 0 0 0.76776 0.640728
1619142050429143641 1.09018 0.0501874 0 0 0 0.768527 0.639807
1619142050629386115 1.08937 0.0684439 0 0 0 0.769199 0.638999
1619142050830636343 1.08615 0.0764828 0 0 0 0.770221 0.637765
1619142051031886571 1.08677 0.0853442 0 0 0 0.771253 0.636517
1619142051232141700 1.08601 0.0988087 0 0 0 0.770893 0.636952
1619142051433507655 1.0835 0.105492 0 0 0 0.770113 0.637896
1619142051633638619 1.08228 0.12215 0 0 0 0.769984 0.638051
1619142051833635624 1.08007 0.132792 0 0 0 0.767865 0.640599
1619142052034888195 1.07754 0.139205 0 0 0 0.766494 0.64224
1619142052236171753 1.07543 0.152824 0 0 0 0.766612 0.642098
1619142052436265215 1.07469 0.162859 0 0 0 0.765608 0.643295
1619142052637521794 1.07682 0.180016 0 0 0 0.765852 0.643004
1619142052837525986 1.07591 0.195973 0 0 0 0.765946 0.642893
1619142053037641739 1.07476 0.206514 0 0 0 0.767154 0.641451
1619142053239158837 1.07599 0.217668 0 0 0 0.765924 0.642918
1619142053439141465 1.07647 0.226871 0 0 0 0.765395 0.643548
1619142053640576010 1.07469 0.235319 0 0 0 0.764459 0.64466
1619142053840589419 1.07219 0.248072 0 0 0 0.766218 0.642567
1619142054041744019 1.07317 0.266568 0 0 0 0.770788 0.637078
1619142054242018831 1.07264 0.284364 0 0 0 0.776661 0.629905
1619142054442256924 1.07014 0.298886 0 0 0 0.783313 0.621613
1619142054643615480 1.07063 0.312377 0 0 0 0.790645 0.612258
1619142054843620241 1.06882 0.330972 0 0 0 0.796386 0.604771
1619142055045004994 1.06755 0.336133 0 0 0 0.801226 0.598345
1619142055245244597 1.06367 0.343704 0 0 0 0.805002 0.593254
1619142055446476902 1.06495 0.36537 0 0 0 0.814713 0.579845
1619142055646758379 1.06207 0.371027 0 0 0 0.823862 0.566769
1619142055846860847 1.06004 0.386617 0 0 0 0.835367 0.54967
1619142056048266900 1.05815 0.400048 0 0 0 0.84683 0.531837
1619142056248482752 1.0569 0.411225 0 0 0 0.86008 0.510129
1619142056449752346 1.05396 0.423363 0 0 0 0.875102 0.483928
1619142056649844136 1.05162 0.436105 0 0 0 0.888901 0.458087
1619142056850004988 1.04541 0.45289 0 0 0 0.902691 0.430278
1619142057051241562 1.03999 0.468109 0 0 0 0.914527 0.404512
1619142057251223715 1.03362 0.478849 0 0 0 0.925045 0.379845
1619142057452610704 1.02278 0.492361 0 0 0 0.935321 0.353788
1619142057652596243 1.01571 0.504654 0 0 0 0.945391 0.325925
1619142057853848649 1.00668 0.512065 0 0 0 0.955731 0.294227
1619142058053963406 1.00169 0.526649 0 0 0 0.966449 0.25684
1619142058255338674 0.990119 0.537712 0 0 0 0.975344 0.220669
1619142058458088465 0.978253 0.548443 0 0 0 0.98294 0.183906
1619142058856835485 0.95702 0.564541 0 0 0 0.994174 0.107752
1619142059058087473 0.944722 0.57214 0 0 0 0.997631 0.0687286
1619142059259373157 0.929327 0.575953 0 0 0 0.999408 0.0342868
1619142059459440359 0.911594 0.579285 0 0 0 0.999996 -2.68967e-06
1619142059659578447 0.890622 0.580429 0 0 0 0.999534 -0.0303938
1619142059860960276 0.867889 0.582835 0 0 0 0.998724 -0.0504091
1619142060060940448 0.850097 0.583335 0 0 0 0.997691 -0.0678562
1619142060262313005 0.834211 0.581669 0 0 0 0.996696 -0.0811748
1619142060463467126 0.815891 0.580886 0 0 0 0.996114 -0.0880218
1619142060663590108 0.79739 0.57905 0 0 0 0.995316 -0.0966284
1619142060864841520 0.778177 0.577961 0 0 0 0.994968 -0.100146
1619142061064960179 0.76018 0.572864 0 0 0 0.994639 -0.103368
1619142061265217638 0.74238 0.572089 0 0 0 0.994756 -0.102232
1619142061466663631 0.721938 0.568382 0 0 0 0.994688 -0.102892
1619142061666590363 0.704367 0.568264 0 0 0 0.994747 -0.102326
1619142061867963856 0.681322 0.564646 0 0 0 0.994791 -0.101892
1619142062068226210 0.667873 0.562265 0 0 0 0.99462 -0.103552
1619142062268338929 0.650172 0.559956 0 0 0 0.994505 -0.104652
1619142062469688203 0.632939 0.557969 0 0 0 0.994602 -0.103721
1619142062669700870 0.619693 0.555544 0 0 0 0.994312 -0.106472
1619142062870955457 0.607012 0.554458 0 0 0 0.994117 -0.108272
1619142063071195153 0.591313 0.553348 0 0 0 0.994118 -0.108265
1619142063272447916 0.583192 0.550134 0 0 0 0.993861 -0.110601
1619142063472697872 0.563348 0.54845 0 0 0 0.993371 -0.114918
1619142063673981571 0.547281 0.544606 0 0 0 0.99327 -0.115788
1619142063874073768 0.532813 0.542321 0 0 0 0.992573 -0.12162
1619142064075305801 0.518314 0.543065 0 0 0 0.991783 -0.127901
1619142064275358830 0.501016 0.537583 0 0 0 0.991391 -0.130911
1619142064476690393 0.484317 0.536947 0 0 0 0.990996 -0.133863
1619142064676694672 0.466608 0.529851 0 0 0 0.990135 -0.140088
1619142064878000297 0.449523 0.530118 0 0 0 0.988341 -0.152232
1619142065077916243 0.430632 0.524739 0 0 0 0.986451 -0.164033
1619142065279284940 0.413867 0.523126 0 0 0 0.98336 -0.181647
1619142065479599632 0.401359 0.520203 0 0 0 0.978208 -0.20761
1619142065679802659 0.384223 0.516553 0 0 0 0.971431 -0.237306
1619142065881296667 0.369663 0.510211 0 0 0 0.961809 -0.273706
1619142066081179695 0.356109 0.503755 0 0 0 0.951355 -0.308084
1619142066282566515 0.340431 0.494477 0 0 0 0.938724 -0.344657
1619142066482675374 0.32597 0.48347 0 0 0 0.924417 -0.381371
1619142066684054434 0.311954 0.470419 0 0 0 0.909137 -0.416485
1619142066884062929 0.295922 0.457775 0 0 0 0.896032 -0.443978
1619142067085348135 0.2808 0.442851 0 0 0 0.884485 -0.466558
1619142067285594387 0.270468 0.437729 0 0 0 0.879841 -0.475258
1619142067486522876 0.259161 0.422697 0 0 0 0.866364 -0.499404
1619142067686754389 0.246831 0.4087 0 0 0 -0.851154 0.524892
1619142067888172249 0.236667 0.393965 0 0 0 -0.839035 0.544056
1619142068088296992 0.226959 0.37541 0 0 0 -0.829448 0.558564
1619142068288555847 0.217597 0.358222 0 0 0 -0.82079 0.57121
1619142068490207402 0.212613 0.339889 0 0 0 -0.81677 0.576944
1619142068690414852 0.204226 0.323517 0 0 0 -0.812429 0.583042
1619142068891667555 0.196476 0.302653 0 0 0 -0.808402 0.588613
1619142069091768026 0.189316 0.282573 0 0 0 -0.803821 0.594854
1619142069293142863 0.183541 0.261141 0 0 0 -0.800691 0.599061
1619142069493266145 0.177576 0.243197 0 0 0 -0.798357 0.602168
1619142069693557134 0.172475 0.227724 0 0 0 -0.796983 0.603984
1619142069894514734 0.165795 0.209581 0 0 0 -0.798725 0.601678
1619142070094905254 0.159864 0.192607 0 0 0 -0.796132 0.605106
1619142070296261495 0.152676 0.181957 0 0 0 -0.796946 0.604033
1619142070496280402 0.143961 0.158639 0 0 0 -0.794081 0.607795
1619142070697534874 0.139046 0.146557 0 0 0 -0.798837 0.601529
1619142070898763199 0.132202 0.125362 0 0 0 -0.801689 0.597723
1619142071098766376 0.124268 0.11055 0 0 0 -0.802806 0.596222
1619142071298889031 0.11659 0.0957693 0 0 0 -0.800536 0.599267
1619142071500152824 0.107639 0.0785557 0 0 0 -0.793057 0.609131
1619142071700253343 0.0990373 0.0627119 0 0 0 -0.779527 0.626353
1619142071901490834 0.0925966 0.0515847 0 0 0 -0.760523 0.649297
1619142072101645467 0.0853052 0.0319328 0 0 0 -0.73816 0.674613
1619142072302879467 0.0792235 0.0109847 0 0 0 -0.710242 0.703946
1619142072503256754 0.0733478 -0.0108677 0 0 0 -0.681599 0.731716
1619142072704500025 0.0695103 -0.0320848 0 0 0 -0.652462 0.757812
1619142072905764911 0.0680944 -0.0489288 0 0 0 -0.624955 0.780653
1619142073105882407 0.0579196 -0.0601714 0 0 0 -0.605375 0.795933
1619142073307243749 0.0571307 -0.0844142 0 0 0 -0.584307 0.811526
1619142073507364005 0.0624936 -0.108563 0 0 0 -0.57214 0.820149
1619142073708648420 0.0735559 -0.123869 0 0 0 -0.555467 0.831532
1619142073908713833 0.0813414 -0.148128 0 0 0 -0.534228 0.845334
1619142074109851842 0.0808052 -0.165384 0 0 0 -0.526456 0.850196
1619142074309860327 0.0887968 -0.188173 0 0 0 -0.515792 0.856708
1619142074511102606 0.0955132 -0.210841 0 0 0 -0.512121 0.858908
1619142074711110621 0.108518 -0.237623 0 0 0 -0.518988 0.854776
1619142074912350192 0.119861 -0.253066 0 0 0 -0.516224 0.856448
1619142075112467373 0.122683 -0.276433 0 0 0 -0.515035 0.857163
1619142075313859337 0.13057 -0.291905 0 0 0 -0.5149 0.857245
1619142075513856466 0.146577 -0.308133 0 0 0 -0.518539 0.855048
1619142075715101296 0.144319 -0.324812 0 0 0 -0.528273 0.849068
1619142075915103112 0.15197 -0.33582 0 0 0 -0.537935 0.84298
1619142076116341795 0.155995 -0.357043 0 0 0 -0.546855 0.837221
1619142076316349965 0.165186 -0.37598 0 0 0 -0.555464 0.831534
1619142076517593022 0.163362 -0.396338 0 0 0 -0.563705 0.825969
1619142076717669212 0.165042 -0.409654 0 0 0 -0.568542 0.822647
1619142076918887113 0.166185 -0.425592 0 0 0 -0.566995 0.823714
1619142077118844032 0.170438 -0.441281 0 0 0 -0.560902 0.827875
1619142077320087297 0.16701 -0.459932 0 0 0 -0.548477 0.836159
1619142077520092340 0.170803 -0.47813 0 0 0 -0.536383 0.843968
1619142077721325656 0.161798 -0.49292 0 0 0 -0.510428 0.859915
1619142077922561160 0.169068 -0.511458 0 0 0 -0.484021 0.875051
1619142078122579952 0.170087 -0.528206 0 0 0 -0.461105 0.88734
1619142078323838580 0.171118 -0.548131 0 0 0 -0.430503 0.902584
1619142078523856174 0.178083 -0.565938 0 0 0 -0.395211 0.918586
1619142078725480372 0.185485 -0.587438 0 0 0 -0.361741 0.932274
1619142078925079635 0.193822 -0.60515 0 0 0 -0.330351 0.943854
1619142079126592739 0.201348 -0.62274 0 0 0 -0.294447 0.955663
1619142079326708196 0.201369 -0.637414 0 0 0 -0.263473 0.964663
1619142079528138227 0.210823 -0.653546 0 0 0 -0.230965 0.972958
1619142079728095403 0.216081 -0.669219 0 0 0 -0.198593 0.980078
1619142079929347779 0.224971 -0.682194 0 0 0 -0.166292 0.986073
1619142080129330892 0.237119 -0.690292 0 0 0 -0.142316 0.989817
1619142080330573371 0.244858 -0.69746 0 0 0 -0.12126 0.992617
1619142080531989339 0.27177 -0.707079 0 0 0 -0.0982466 0.995158
1619142080731950472 0.293998 -0.715021 0 0 0 -0.0771016 0.997019
1619142080933277378 0.304694 -0.720638 0 0 0 -0.0574759 0.998343
1619142081133591529 0.311855 -0.726318 0 0 0 -0.0442712 0.999016
1619142081334815986 0.316134 -0.730412 0 0 0 -0.0334737 0.999436
1619142081534833576 0.340347 -0.735527 0 0 0 -0.0119408 0.999925
1619142081736276156 0.346255 -0.736913 0 0 0 -0.00851828 0.99996
1619142081936077914 0.361657 -0.741411 0 0 0 -0.00424087 0.999987
1619142082137313672 0.375079 -0.743962 0 0 0 0.000548711 0.999996
1619142082337465166 0.392974 -0.743968 0 0 0 0.00915554 0.999954
1619142082538691341 0.409053 -0.74234 0 0 0 0.0197403 0.999801
1619142082738697471 0.419481 -0.743423 0 0 0 0.0295719 0.999558
1619142082940179165 0.424167 -0.744325 0 0 0 0.0308751 0.999519
1619142083140419668 0.449428 -0.742002 0 0 0 0.0426212 0.999087
1619142083340580431 0.475849 -0.742342 0 0 0 0.0537723 0.998549
1619142083541956864 0.494666 -0.747557 0 0 0 0.0664104 0.997788
1619142083742189085 0.513737 -0.744049 0 0 0 0.0850453 0.996373
1619142083942320422 0.538945 -0.738284 0 0 0 0.106245 0.994335
1619142084143728259 0.556833 -0.735558 0 0 0 0.130764 0.991409
1619142084343891209 0.568218 -0.733807 0 0 0 0.158093 0.98742
1619142084545174620 0.592087 -0.731258 0 0 0 0.187609 0.982239
1619142084745175019 0.615086 -0.722743 0 0 0 0.216234 0.976337
1619142084946673168 0.63679 -0.717965 0 0 0 0.244889 0.969546
1619142085146740440 0.652769 -0.715617 0 0 0 0.271543 0.962421
1619142085346963024 0.671602 -0.705028 0 0 0 0.296127 0.955144
1619142085550821729 0.693838 -0.697926 0 0 0 0.323653 0.946171
1619142085949684875 0.729986 -0.680091 0 0 0 0.378052 0.925779
1619142086149929853 0.749932 -0.671975 0 0 0 0.403131 0.915137
1619142086351304459 0.76448 -0.661751 0 0 0 0.427597 0.903964
1619142086551473135 0.776559 -0.656465 0 0 0 0.449906 0.89307
1619142086752669460 0.791751 -0.638297 0 0 0 0.473287 0.880902
1619142086952659648 0.80657 -0.618965 0 0 0 0.495224 0.868759
1619142087153901546 0.819583 -0.600766 0 0 0 0.518813 0.854881
1619142087353909909 0.832646 -0.583152 0 0 0 0.543303 0.839529
1619142087555453523 0.844124 -0.566547 0 0 0 0.560903 0.827874
1619142087755285325 0.855391 -0.545446 0 0 0 0.574141 0.818748
1619142087956509097 0.860996 -0.528204 0 0 0 0.582719 0.812665
1619142088156640063 0.8746 -0.507545 0 0 0 0.591971 0.80595
1619142088357902583 0.88273 -0.489474 0 0 0 0.599827 0.80012
1619142088558034330 0.888557 -0.476448 0 0 0 0.604439 0.796643
1619142088758148681 0.893861 -0.457222 0 0 0 0.606535 0.795047
1619142088959407139 0.896571 -0.442014 0 0 0 0.603679 0.797219
1619142089160646534 0.90225 -0.428084 0 0 0 0.603597 0.797281
1619142089360630936 0.91607 -0.400066 0 0 0 0.60368 0.797218
1619142089562009340 0.919909 -0.388057 0 0 0 0.60349 0.797362
1619142089762009993 0.928641 -0.364742 0 0 0 0.603567 0.797303
1619142089963473396 0.935583 -0.351987 0 0 0 0.604147 0.796864
1619142090163276653 0.940159 -0.334382 0 0 0 0.602957 0.797765
1619142090363442355 0.940694 -0.325116 0 0 0 0.601107 0.79916
1619142090564720186 0.945471 -0.308592 0 0 0 0.601003 0.799238
1619142090766027339 0.946217 -0.300565 0 0 0 0.599709 0.800209
1619142090966210593 0.950597 -0.289871 0 0 0 0.598448 0.801152
1619142091166255670 0.955099 -0.273898 0 0 0 0.597175 0.802101
1619142091367522926 0.962342 -0.259395 0 0 0 0.596113 0.802891
1619142091567640503 0.96494 -0.250162 0 0 0 0.594348 0.804198
1619142091768988019 0.970856 -0.234515 0 0 0 0.595833 0.803099
1619142091969002523 0.974369 -0.221443 0 0 0 0.596329 0.80273
1619142092170376392 0.981625 -0.203972 0 0 0 0.593105 0.805115
1619142092370510112 0.989367 -0.187567 0 0 0 0.591893 0.806006
1619142092571744763 0.997241 -0.168041 0 0 0 0.590642 0.806924
1619142092771998327 1.0011 -0.159416 0 0 0 0.589496 0.807762
1619142092973236311 1.01177 -0.138308 0 0 0 0.586747 0.80976
1619142093173240813 1.01991 -0.12688 0 0 0 0.586469 0.809962
1619142093374702961 1.02775 -0.102125 0 0 0 0.58388 0.81183
1619142093574666838 1.03451 -0.0859365 0 0 0 0.583882 0.811828
1619142093774987275 1.04446 -0.0628207 0 0 0 0.587155 0.809465
1619142093976362445 1.0539 -0.0430508 0 0 0 0.588506 0.808483
1619142094176361685 1.05989 -0.021628 0 0 0 0.587334 0.809335
1619142094377602687 1.06927 -0.00347268 0 0 0 0.586461 0.809968
1619142094577765363 1.07605 0.00894973 0 0 0 0.587064 0.809531
1619142094779109438 1.08395 0.0246279 0 0 0 0.5873 0.80936
1619142094979100449 1.09386 0.0416321 0 0 0 0.593469 0.804847
1619142095180663271 1.10505 0.0555477 0 0 0 0.600281 0.799779
1619142095380628083 1.11111 0.0713222 0 0 0 0.608252 0.793734
1619142095581845543 1.11547 0.0854418 0 0 0 0.623391 0.7819
1619142095781958322 1.12432 0.0977111 0 0 0 0.639323 0.768927
1619142095982083758 1.13014 0.112554 0 0 0 0.659325 0.751846
1619142096183333612 1.13305 0.12902 0 0 0 0.674373 0.738378
1619142096384698778 1.13743 0.145062 0 0 0 0.688568 0.725159
1619142096584660932 1.14206 0.156244 0 0 0 0.708554 0.705642
1619142096785992608 1.14911 0.176066 0 0 0 0.737322 0.675525
1619142096986011533 1.15079 0.192743 0 0 0 0.76083 0.648933
1619142097187369406 1.1528 0.208292 0 0 0 0.785512 0.618825
1619142097387346351 1.1525 0.226593 0 0 0 0.807432 0.589936
1619142097588587870 1.15152 0.248393 0 0 0 0.82996 0.557794
1619142097788589867 1.14692 0.269454 0 0 0 0.852891 0.522053
1619142097989835761 1.13982 0.289157 0 0 0 0.871986 0.489517
1619142098189846923 1.13455 0.311033 0 0 0 0.88807 0.459693
1619142098391218284 1.12847 0.333087 0 0 0 0.90379 0.427961
1619142098591225644 1.12255 0.352594 0 0 0 0.917033 0.398796
1619142098792662317 1.11706 0.372042 0 0 0 0.931296 0.364247
1619142098992458636 1.10429 0.388572 0 0 0 0.941546 0.336868
1619142099192586723 1.08851 0.412786 0 0 0 0.952758 0.30371
1619142099393823865 1.07984 0.424426 0 0 0 0.961453 0.274947
1619142099593820755 1.07303 0.440402 0 0 0 0.971956 0.235136
1619142099795080814 1.0537 0.455662 0 0 0 0.980336 0.197308
1619142099996003895 1.03371 0.467084 0 0 0 0.986064 0.166331
1619142100196563488 1.01041 0.481857 0 0 0 0.989711 0.143039
1619142100396570637 0.988345 0.488992 0 0 0 0.991804 0.127721
1619142100597806736 0.967834 0.501933 0 0 0 0.993111 0.117129
1619142100797932843 0.9472 0.508165 0 0 0 0.993793 0.11119
1619142100999321805 0.92806 0.510571 0 0 0 0.993275 0.115732
1619142101199308432 0.90867 0.519706 0 0 0 0.993269 0.115784
1619142101400566769 0.89006 0.526401 0 0 0 0.993658 0.112396
1619142101600550688 0.871875 0.532329 0 0 0 0.993713 0.111907
1619142101801804702 0.853011 0.53836 0 0 0 0.993891 0.110316
1619142102001937162 0.835485 0.544678 0 0 0 0.993172 0.116616
1619142102202174150 0.82396 0.547445 0 0 0 0.993175 0.116589
1619142102403417799 0.807234 0.554086 0 0 0 0.993337 0.115198
1619142102603439632 0.795564 0.558014 0 0 0 0.993569 0.113184
1619142102804770572 0.779076 0.56272 0 0 0 0.993568 0.113185
1619142103008434361 0.759568 0.569613 0 0 0 0.993771 0.111393
1619142103407037462 0.732011 0.585917 0 0 0 0.994388 0.105741
1619142103607050805 0.717612 0.591901 0 0 0 0.994603 0.1037
1619142103808291380 0.700443 0.594496 0 0 0 0.994804 0.10175
1619142104008415087 0.682382 0.601394 0 0 0 0.994795 0.101842
1619142104209660191 0.66472 0.608371 0 0 0 0.994909 0.10072
1619142104409655043 0.648311 0.615051 0 0 0 0.9948 0.101793
1619142104611012959 0.634527 0.618273 0 0 0 0.994842 0.101383
1619142104811021613 0.615061 0.62414 0 0 0 0.995128 0.0985373
1619142105012282395 0.596224 0.627166 0 0 0 0.995182 0.0979909
1619142105212275214 0.575407 0.633561 0 0 0 0.995108 0.098739
1619142105413515474 0.556593 0.638773 0 0 0 0.995119 0.0986349
1619142105613515689 0.541037 0.647748 0 0 0 0.995051 0.0993206
1619142105814895479 0.515965 0.651298 0 0 0 0.995408 0.0956703
1619142106016008187 0.504605 0.653126 0 0 0 0.995291 0.0968781
1619142106216174754 0.485791 0.656363 0 0 0 0.9954 0.0957573
1619142106417394127 0.469668 0.658968 0 0 0 0.995576 0.0939092
1619142106617399706 0.452872 0.663554 0 0 0 0.995603 0.0936202
1619142106818647464 0.436202 0.670198 0 0 0 0.995648 0.0931335
1619142107018794604 0.421052 0.67359 0 0 0 0.995738 0.0921726
1619142107218781953 0.404671 0.676942 0 0 0 0.995878 0.0906464
1619142107419999658 0.386506 0.68165 0 0 0 0.99602 0.0890748
1619142107621253092 0.36879 0.684995 0 0 0 0.996072 0.0884918
1619142107821267888 0.350736 0.687403 0 0 0 0.996183 0.087226
1619142108022516947 0.332088 0.693822 0 0 0 0.996151 0.0875887
1619142108222504867 0.316939 0.698601 0 0 0 0.99615 0.0876054
1619142108423924132 0.304836 0.702222 0 0 0 0.996104 0.08813
1619142108623747522 0.291831 0.705826 0 0 0 0.99619 0.0871491
1619142108825264807 0.270201 0.712915 0 0 0 0.996145 0.0876598
1619142109025260018 0.247764 0.716566 0 0 0 0.996173 0.0873473
1619142109226587199 0.228005 0.722442 0 0 0 0.996179 0.0872721
1619142109426587410 0.209049 0.727205 0 0 0 0.996179 0.0872694
1619142109627736259 0.191933 0.730974 0 0 0 0.996254 0.0864111
1619142109827878135 0.173467 0.73626 0 0 0 0.996374 0.0850199
1619142110029109327 0.155204 0.740387 0 0 0 0.996397 0.0847473
1619142110229127192 0.139469 0.745078 0 0 0 0.996328 0.0855634
1619142110430493330 0.125875 0.75023 0 0 0 0.996273 0.0862005
1619142110630482654 0.110344 0.755422 0 0 0 0.99613 0.0878357
1619142110831746032 0.0868151 0.763028 0 0 0 0.996066 0.088551
1619142111031732439 0.0704196 0.765859 0 0 0 0.996013 0.0891476
1619142111233012951 0.056165 0.767764 0 0 0 0.995338 0.0963973
1619142111433098210 0.0360559 0.775286 0 0 0 0.995183 0.0979831
1619142111634230702 0.0190232 0.778776 0 0 0 0.99544 0.0953377
1619142111834331379 0.0011456 0.780645 0 0 0 0.995532 0.0943688
1619142112034686688 -0.0145774 0.786978 0 0 0 0.996366 0.0851197
1619142112235970272 -0.0289492 0.790643 0 0 0 0.997106 0.0759539
1619142112437115992 -0.0462124 0.794121 0 0 0 0.997767 0.0667085
1619142112637315312 -0.0643138 0.796947 0 0 0 0.998758 0.0497338
1619142112838360095 -0.0842766 0.801873 0 0 0 0.999709 0.0239342
1619142113038457593 -0.0991651 0.809414 0 0 0 0.999995 0.000347733
1619142113239740759 -0.117203 0.810355 0 0 0 0.9996 -0.0281194
1619142113439838568 -0.134375 0.809936 0 0 0 0.998287 -0.0584162
1619142113641108504 -0.156102 0.816209 0 0 0 0.995464 -0.0950861
1619142113841462197 -0.175682 0.817403 0 0 0 0.991587 -0.129401
1619142114041459226 -0.194811 0.813367 0 0 0 0.987353 -0.158509
1619142114242719473 -0.214262 0.807646 0 0 0 0.982167 -0.187982
1619142114442703324 -0.23188 0.801668 0 0 0 0.976432 -0.215799
1619142114643959561 -0.242833 0.801348 0 0 0 0.967914 -0.251261
1619142114844083463 -0.263166 0.797152 0 0 0 0.955656 -0.294467
1619142115045329961 -0.28151 0.786483 0 0 0 0.94578 -0.324792
1619142115245343237 -0.297386 0.782469 0 0 0 0.929631 -0.368475
1619142115446579681 -0.315121 0.771843 0 0 0 0.910722 -0.413005
1619142115646597489 -0.331363 0.763312 0 0 0 0.886565 -0.46259
1619142115847832215 -0.335926 0.74577 0 0 0 -0.857742 0.514045
1619142116049193606 -0.357166 0.725071 0 0 0 -0.826025 0.563605
1619142116249217767 -0.36994 0.70923 0 0 0 -0.798664 0.601754
1619142116450453741 -0.383309 0.69014 0 0 0 -0.771222 0.636547
1619142116650441600 -0.394425 0.670799 0 0 0 -0.746516 0.66535
1619142116851710803 -0.405562 0.646754 0 0 0 -0.725749 0.687944
1619142117051705588 -0.41147 0.618103 0 0 0 -0.709643 0.704547
1619142117252956562 -0.414172 0.60243 0 0 0 -0.694729 0.719258
1619142117454185556 -0.417473 0.575757 0 0 0 -0.685577 0.727987
1619142117654186643 -0.415948 0.551821 0 0 0 -0.677556 0.735459
1619142117855451574 -0.417218 0.536349 0 0 0 -0.677337 0.735661
1619142118056689162 -0.418549 0.512518 0 0 0 -0.679305 0.733844
1619142118256765090 -0.413518 0.49387 0 0 0 -0.677172 0.735812
1619142118458053875 -0.412608 0.470249 0 0 0 -0.678983 0.734142
1619142118657946315 -0.411351 0.448127 0 0 0 -0.68849 0.725233
1619142118859310151 -0.405248 0.433482 0 0 0 -0.701816 0.712345
1619142119059343370 -0.401229 0.420844 0 0 0 -0.715042 0.699068
1619142119260698560 -0.397858 0.403042 0 0 0 -0.723515 0.690294
1619142119460685477 -0.395911 0.387448 0 0 0 -0.732046 0.68124
1619142119662060405 -0.39822 0.37483 0 0 0 -0.739432 0.673215
1619142119862181280 -0.399693 0.359761 0 0 0 -0.739053 0.673632
1619142120062184759 -0.400234 0.350859 0 0 0 -0.737371 0.675472
1619142120263421041 -0.401612 0.336754 0 0 0 -0.746068 0.665853
1619142120464738156 -0.40191 0.324899 0 0 0 -0.742806 0.669491
1619142120664705750 -0.403477 0.303854 0 0 0 -0.759549 0.650433
1619142120866081198 -0.403243 0.288046 0 0 0 -0.783707 0.621111
1619142121066104051 -0.408613 0.266102 0 0 0 -0.808254 0.588812
1619142121267332415 -0.414596 0.243916 0 0 0 -0.830047 0.557667
1619142121467412663 -0.419926 0.225513 0 0 0 -0.85029 0.526284
1619142121667436244 -0.428182 0.209355 0 0 0 0.867995 -0.496561
1619142121868684816 -0.436717 0.193514 0 0 0 0.87674 -0.480953
1619142122068675585 -0.449981 0.177663 0 0 0 0.876249 -0.481846
1619142122269908688 -0.458806 0.166103 0 0 0 0.876906 -0.48065
1619142122469913674 -0.464984 0.159633 0 0 0 0.881655 -0.471882
1619142122671179537 -0.480458 0.139548 0 0 0 0.8975 -0.441002
1619142122871417282 -0.485284 0.132517 0 0 0 0.902728 -0.430199
1619142123072780749 -0.48973 0.128063 0 0 0 0.912251 -0.40962
1619142123272796879 -0.499235 0.115724 0 0 0 0.913019 -0.407905
1619142123474023731 -0.503665 0.115435 0 0 0 0.916955 -0.398977
1619142123674283194 -0.520844 0.0955002 0 0 0 0.915225 -0.40293
1619142123874319012 -0.533362 0.0809573 0 0 0 0.91432 -0.404979
1619142124075552894 -0.544469 0.0769326 0 0 0 0.912497 -0.409071
1619142124276782609 -0.555909 0.0644954 0 0 0 0.909078 -0.416613
1619142124476790249 -0.575144 0.0472918 0 0 0 0.902118 -0.431477
1619142124678012465 -0.595607 0.0441047 0 0 0 0.897296 -0.441416
1619142124878024219 -0.606721 0.0372943 0 0 0 0.887263 -0.461251
1619142125079269767 -0.623002 0.0225819 0 0 0 0.875958 -0.482377
1619142125279383707 -0.636768 0.00625611 0 0 0 -0.863472 0.504363
1619142125480632223 -0.649578 -0.0128193 0 0 0 -0.851168 0.524864
1619142125680654654 -0.655108 -0.0110816 0 0 0 -0.842841 0.538137
1619142125881902753 -0.667778 -0.0200727 0 0 0 -0.819811 0.572612
1619142126081895652 -0.67548 -0.0295517 0 0 0 -0.798462 0.602026
1619142126283142916 -0.688564 -0.041957 0 0 0 -0.764323 0.644818
1619142126483524406 -0.701068 -0.0633134 0 0 0 -0.728594 0.684934
1619142126684768285 -0.707801 -0.0729076 0 0 0 -0.689162 0.724597
1619142126884939463 -0.716808 -0.0959172 0 0 0 -0.649525 0.760331
1619142127086150946 -0.724297 -0.115615 0 0 0 -0.609507 0.792773
1619142127286135770 -0.727938 -0.139229 0 0 0 -0.562322 0.826911
1619142127487503554 -0.716451 -0.138599 0 0 0 -0.524642 0.851316
1619142127687514055 -0.708533 -0.16802 0 0 0 -0.467571 0.88395
1619142127888752412 -0.700691 -0.185278 0 0 0 -0.422761 0.906236
1619142128088994630 -0.685959 -0.192246 0 0 0 -0.390852 0.920448
1619142128290243246 -0.676615 -0.21055 0 0 0 -0.376891 0.926252
1619142128490294006 -0.664618 -0.220004 0 0 0 -0.355169 0.934797
1619142128691512519 -0.663375 -0.234107 0 0 0 -0.312258 0.949993
1619142128891503175 -0.654098 -0.244356 0 0 0 -0.268559 0.963259
1619142129092737260 -0.639443 -0.260941 0 0 0 -0.229715 0.973253
1619142129292743956 -0.632271 -0.273739 0 0 0 -0.198209 0.980155
1619142129493994603 -0.625389 -0.28576 0 0 0 -0.170756 0.985309
1619142129695251082 -0.607287 -0.296267 0 0 0 -0.151947 0.988384
1619142129895235956 -0.595043 -0.305531 0 0 0 -0.138281 0.990389
1619142130096501289 -0.581593 -0.317433 0 0 0 -0.125719 0.992062
1619142130296508349 -0.563615 -0.325019 0 0 0 -0.118346 0.992968
1619142130497732068 -0.545406 -0.334963 0 0 0 -0.121269 0.992615
1619142130697737305 -0.53197 -0.340404 0 0 0 -0.122902 0.992415
1619142130899036908 -0.518986 -0.344139 0 0 0 -0.123495 0.992341
1619142131099096780 -0.501658 -0.351074 0 0 0 -0.126656 0.991943
1619142131300357528 -0.481787 -0.355507 0 0 0 -0.136269 0.990668
1619142131500360055 -0.46884 -0.350023 0 0 0 -0.14816 0.988959
1619142131701620439 -0.446573 -0.35887 0 0 0 -0.157128 0.987574
1619142131901593800 -0.429528 -0.365862 0 0 0 -0.165088 0.986275
1619142132102842829 -0.404233 -0.375909 0 0 0 -0.167743 0.985827
1619142132302998010 -0.392661 -0.383283 0 0 0 -0.164619 0.986353
1619142132504218966 -0.380237 -0.385418 0 0 0 -0.168045 0.985775
1619142132704230971 -0.369459 -0.391088 0 0 0 -0.159182 0.987245
1619142132905465260 -0.35486 -0.39966 0 0 0 -0.149115 0.988816
1619142133105450130 -0.343496 -0.403696 0 0 0 -0.141916 0.989875
1619142133306782490 -0.332563 -0.421107 0 0 0 -0.119995 0.99277
1619142133506829754 -0.321564 -0.435177 0 0 0 -0.0983402 0.995149
1619142133708077062 -0.303437 -0.441845 0 0 0 -0.070216 0.997528
1619142133908093390 -0.28912 -0.442568 0 0 0 -0.0491004 0.99879
1619142134109462988 -0.278217 -0.445347 0 0 0 -0.0201323 0.999793
1619142134309463012 -0.253883 -0.451746 0 0 0 0.020087 0.999794
1619142134509839388 -0.240912 -0.452982 0 0 0 0.0580906 0.998307
1619142134711233829 -0.235823 -0.442873 0 0 0 0.0894501 0.995987
1619142134911192291 -0.217567 -0.440404 0 0 0 0.121663 0.992567
1619142135112580065 -0.21039 -0.429058 0 0 0 0.152633 0.988278
1619142135313821799 -0.194377 -0.425705 0 0 0 0.186086 0.982529
1619142135513819530 -0.186115 -0.422601 0 0 0 0.19563 0.980673
1619142135715330323 -0.170548 -0.421717 0 0 0 0.219673 0.975569
1619142135915647479 -0.156073 -0.421353 0 0 0 0.252966 0.96747
1619142136115915677 -0.142679 -0.413629 0 0 0 0.28843 0.957496
1619142136317063659 -0.127083 -0.410009 0 0 0 0.326483 0.945198
1619142136518444401 -0.11163 -0.399527 0 0 0 0.354518 0.935044
1619142136718568120 -0.0903671 -0.38417 0 0 0 0.37327 0.927717
1619142136919929590 -0.0706477 -0.371294 0 0 0 0.382236 0.924059
1619142137119946903 -0.06153 -0.367588 0 0 0 0.384872 0.922964
1619142137319941298 -0.0467183 -0.353262 0 0 0 0.373858 0.92748
1619142137521541672 -0.0336302 -0.343047 0 0 0 0.365094 0.930965
1619142137721439558 -0.0205701 -0.333051 0 0 0 0.36218 0.932102
1619142137922685976 -0.00804739 -0.316861 0 0 0 0.363091 0.931748
1619142138122663653 0.00855187 -0.304827 0 0 0 0.374036 0.927408
1619142138324179286 0.0239799 -0.29418 0 0 0 0.387202 0.921989
1619142138524312690 0.0391818 -0.281056 0 0 0 0.403825 0.91483
1619142138725590878 0.0467589 -0.273821 0 0 0 0.42075 0.90717
1619142138925647303 0.0598523 -0.259795 0 0 0 0.434777 0.900531
1619142139126905021 0.0758498 -0.242329 0 0 0 0.452447 0.891784
1619142139326926498 0.0878047 -0.238339 0 0 0 0.482646 0.875808
1619142139528180778 0.101911 -0.221115 0 0 0 0.49877 0.866727
1619142139728314128 0.111223 -0.205056 0 0 0 0.516278 0.856413
1619142139929535180 0.120651 -0.19254 0 0 0 0.520901 0.853608
1619142140129834779 0.120292 -0.193029 0 0 0 0.521234 0.853405
1619142140330927028 0.118863 -0.192091 0 0 0 0.521729 0.853103
1619142140530917774 0.118817 -0.192288 0 0 0 0.522593 0.852574
1619142140732155647 0.118005 -0.19267 0 0 0 0.523323 0.852126
1619142140932293944 0.117348 -0.194163 0 0 0 0.523613 0.851948
1619142141133532598 0.118835 -0.194634 0 0 0 0.52405 0.851679
