1619141964540556905 0.114325 -0.00842722 0 0 0 -0.75494 0.655794
1619141964741924190 0.113887 -0.011535 0 0 0 -0.754874 0.65587
1619141964942056327 0.113188 -0.0164976 0 0 0 -0.754813 0.65594
1619141965143612361 0.112582 -0.0208343 0 0 0 -0.754546 0.656247
1619141965343546372 0.112278 -0.0229896 0 0 0 -0.75541 0.655252
1619141965544896313 0.11143 -0.0289024 0 0 0 -0.75583 0.654767
1619141965744902198 0.110982 -0.0320088 0 0 0 -0.756293 0.654233
1619141965946151931 0.110223 -0.0372184 0 0 0 -0.756359 0.654157
1619141966146153649 0.10988 -0.0395728 0 0 0 -0.756291 0.654235
1619141966347379995 0.109076 -0.0450827 0 0 0 -0.75643 0.654075
1619141966547409264 0.108213 -0.0509423 0 0 0 -0.756906 0.653524
1619141966751274918 0.107251 -0.0575035 0 0 0 -0.756662 0.653807
1619141967149891120 0.105193 -0.0714761 0 0 0 -0.756994 0.653422
1619141967349908305 0.103935 -0.0799893 0 0 0 -0.75717 0.653218
1619141967551273502 0.10242 -0.0902043 0 0 0 -0.756762 0.65369
1619141967751273968 0.101586 -0.095889 0 0 0 -0.756496 0.653998
1619141967952518437 0.100391 -0.10413 0 0 0 -0.756095 0.654462
1619141968152935410 0.099463 -0.110594 0 0 0 -0.755893 0.654695
1619141968354012118 0.0980491 -0.120414 0 0 0 -0.755981 0.654594
1619141968554006020 0.0968504 -0.128732 0 0 0 -0.755886 0.654703
1619141968755264445 0.0953197 -0.139303 0 0 0 -0.756393 0.654117
1619141968955285326 0.0937792 -0.149795 0 0 0 -0.756336 0.654183
1619141969156501251 0.0921189 -0.161319 0 0 0 -0.755638 0.654989
1619141969357794779 0.0903972 -0.173346 0 0 0 -0.755671 0.654952
1619141969557771440 0.0887722 -0.184696 0 0 0 -0.755348 0.655323
1619141969758985437 0.0874087 -0.194293 0 0 0 -0.755122 0.655585
1619141969959007306 0.0854486 -0.208178 0 0 0 -0.754602 0.656183
1619141970160456092 0.0835434 -0.221993 0 0 0 -0.753645 0.657282
1619141970360371085 0.0824656 -0.229918 0 0 0 -0.752866 0.658174
1619141970561743361 0.0805365 -0.244012 0 0 0 -0.754165 0.656685
1619141970761991633 0.0785204 -0.258502 0 0 0 -0.754235 0.656605
1619141970963261722 0.0785204 -0.258502 0 0 0 -0.754235 0.656605
1619141971163249577 0.0763336 -0.274118 0 0 0 -0.754321 0.656506
1619141971364491019 0.0739942 -0.290914 0 0 0 -0.754292 0.656539
1619141971564875747 0.0720994 -0.304501 0 0 0 -0.753896 0.656993
1619141971765749951 0.070677 -0.314831 0 0 0 -0.753584 0.657351
1619141971967219152 0.0689654 -0.32737 0 0 0 -0.753883 0.657008
1619141972167000861 0.0674611 -0.338303 0 0 0 -0.753663 0.657261
1619141972368225583 0.0656864 -0.351216 0 0 0 -0.754121 0.656735
1619141972568267238 0.0636754 -0.365733 0 0 0 -0.75432 0.656506
1619141972769487949 0.0621584 -0.376638 0 0 0 -0.754139 0.656714
1619141972969607104 0.0603004 -0.39 0 0 0 -0.754604 0.65618
1619141973170892241 0.0584752 -0.403264 0 0 0 -0.753249 0.657736
1619141973370850405 0.0573813 -0.411391 0 0 0 -0.752513 0.658577
1619141973572102573 0.0558433 -0.422983 0 0 0 -0.752041 0.659116
1619141973772330736 0.0529884 -0.444537 0 0 0 -0.752422 0.658681
1619141973973602070 0.0529884 -0.444537 0 0 0 -0.752422 0.658681
1619141974173601587 0.0529884 -0.444537 0 0 0 -0.752422 0.658681
1619141974374845889 0.0490257 -0.473578 0 0 0 -0.753899 0.65699
1619141974574833843 0.0475289 -0.484358 0 0 0 -0.754501 0.656299
1619141974776104082 0.0459832 -0.495412 0 0 0 -0.754377 0.656442
1619141974977343019 0.0445025 -0.505888 0 0 0 -0.756409 0.654099
1619141975177385347 0.0420907 -0.521317 0 0 0 -0.763 0.646398
1619141975378686782 0.0396821 -0.534899 0 0 0 -0.769058 0.639179
1619141975578619266 0.03778 -0.544508 0 0 0 -0.776688 0.629885
1619141975779881274 0.0347444 -0.557574 0 0 0 -0.790174 0.612882
1619141975979849175 0.0326259 -0.565391 0 0 0 -0.797886 0.602808
1619141976181111859 0.0278674 -0.580555 0 0 0 -0.813372 0.581744
1619141976381200330 0.0249037 -0.588822 0 0 0 -0.822064 0.569396
1619141976582611346 0.0200692 -0.600954 0 0 0 -0.833225 0.552935
1619141976782688880 0.0142103 -0.614026 0 0 0 -0.846009 0.533168
1619141976983978126 0.0104498 -0.621625 0 0 0 -0.853027 0.521867
1619141977184149513 0.0035174 -0.634333 0 0 0 -0.867404 0.497604
1619141977385487559 -0.00176335 -0.64291 0 0 0 -0.878648 0.477469
1619141977585786288 -0.00823053 -0.652346 0 0 0 -0.89073 0.454533
1619141977785892830 -0.0178322 -0.664593 0 0 0 -0.907629 0.419773
1619141977987343011 -0.0238075 -0.671337 0 0 0 -0.916303 0.400486
1619141978187325334 -0.0344789 -0.682066 0 0 0 -0.930573 0.366107
1619141978388576765 -0.0406513 -0.687579 0 0 0 -0.937785 0.347218
1619141978588562682 -0.0532544 -0.697587 0 0 0 -0.950203 0.311631
1619141978789837862 -0.0612912 -0.70323 0 0 0 -0.956838 0.290622
1619141978991069709 -0.0719298 -0.709892 0 0 0 -0.964982 0.262315
1619141979191078541 -0.0826036 -0.715744 0 0 0 -0.972002 0.234974
1619141979392330126 -0.0964402 -0.722238 0 0 0 -0.979734 0.200305
1619141979592345885 -0.107938 -0.726746 0 0 0 -0.985288 0.170903
1619141979793572001 -0.116218 -0.729518 0 0 0 -0.988528 0.151035
1619141979994888585 -0.128353 -0.732921 0 0 0 -0.992551 0.121831
1619141980194946218 -0.14168 -0.735828 0 0 0 -0.995804 0.0915083
1619141980396200353 -0.152099 -0.737503 0 0 0 -0.997747 0.0670832
1619141980596242308 -0.166951 -0.739038 0 0 0 -0.999337 0.0364105
1619141980797437954 -0.176301 -0.739563 0 0 0 -0.999794 0.0203198
1619141980997448191 -0.189156 -0.739814 0 0 0 -1 -0.000577613
1619141981198816490 -0.204642 -0.739508 0 0 0 -0.999835 -0.0181392
1619141981398932714 -0.212557 -0.739175 0 0 0 -0.999722 -0.0235699
1619141981600177577 -0.223702 -0.738553 0 0 0 -0.999517 -0.031079
1619141981800177916 -0.234912 -0.73777 0 0 0 -0.999234 -0.0391384
1619141982001548143 -0.249911 -0.736416 0 0 0 -0.998707 -0.0508354
1619141982201584366 -0.260854 -0.735202 0 0 0 -0.998244 -0.0592368
1619141982402824644 -0.277596 -0.733039 0 0 0 -0.997601 -0.0692244
1619141982602929356 -0.285186 -0.731938 0 0 0 -0.99722 -0.0745133
1619141982804310571 -0.302518 -0.729084 0 0 0 -0.996143 -0.0877478
1619141983004317783 -0.319775 -0.725812 0 0 0 -0.994973 -0.100141
1619141983204441764 -0.331017 -0.723432 0 0 0 -0.994104 -0.108433
1619141983405695218 -0.343352 -0.720603 0 0 0 -0.993239 -0.116088
1619141983606948671 -0.358382 -0.716854 0 0 0 -0.99188 -0.127174
1619141983806945205 -0.373087 -0.712867 0 0 0 -0.990659 -0.136361
1619141984007004551 -0.385439 -0.709295 0 0 0 -0.989596 -0.143876
1619141984208191493 -0.397086 -0.70575 0 0 0 -0.988623 -0.150416
1619141984408196983 -0.409908 -0.701639 0 0 0 -0.987351 -0.15855
1619141984609427571 -0.424801 -0.696537 0 0 0 -0.985338 -0.170614
1619141984809561654 -0.439454 -0.691135 0 0 0 -0.983522 -0.180787
1619141985010804325 -0.45195 -0.686257 0 0 0 -0.982036 -0.188694
1619141985212042202 -0.468556 -0.67939 0 0 0 -0.97968 -0.200569
1619141985412032535 -0.478741 -0.674947 0 0 0 -0.978111 -0.208086
1619141985615793210 -0.491879 -0.668927 0 0 0 -0.976083 -0.2174
1619141986014425655 -0.519269 -0.655571 0 0 0 -0.972452 -0.233103
1619141986214408798 -0.523819 -0.653239 0 0 0 -0.971683 -0.236288
1619141986414803398 -0.545129 -0.641674 0 0 0 -0.967153 -0.254194
1619141986616034503 -0.559281 -0.633484 0 0 0 -0.964633 -0.263597
1619141986816041970 -0.567854 -0.628342 0 0 0 -0.962974 -0.269595
1619141987017303335 -0.580221 -0.620669 0 0 0 -0.960546 -0.278123
1619141987217279550 -0.592081 -0.613001 0 0 0 -0.957824 -0.287354
1619141987418655496 -0.602153 -0.606252 0 0 0 -0.955554 -0.294815
1619141987618642232 -0.610089 -0.600774 0 0 0 -0.953687 -0.300801
1619141987819907606 -0.62617 -0.589322 0 0 0 -0.951332 -0.308168
1619141988021161106 -0.636113 -0.581994 0 0 0 -0.948623 -0.316407
1619141988221147267 -0.647428 -0.573332 0 0 0 -0.945383 -0.325961
1619141988422411181 -0.656962 -0.565761 0 0 0 -0.943029 -0.332709
1619141988623639835 -0.670788 -0.554322 0 0 0 -0.938627 -0.344933
1619141988823668340 -0.682779 -0.543927 0 0 0 -0.935043 -0.354533
1619141989024883088 -0.690004 -0.537464 0 0 0 -0.933101 -0.359615
1619141989224929299 -0.70105 -0.527302 0 0 0 -0.929922 -0.367757
1619141989426289461 -0.711435 -0.517361 0 0 0 -0.926349 -0.376668
1619141989626385048 -0.721838 -0.507004 0 0 0 -0.922291 -0.386496
1619141989827652554 -0.730052 -0.498469 0 0 0 -0.917785 -0.397078
1619141990027784130 -0.739835 -0.487661 0 0 0 -0.91028 -0.413994
1619141990229156634 -0.749823 -0.475658 0 0 0 -0.899768 -0.436369
1619141990430377524 -0.757579 -0.46531 0 0 0 -0.888629 -0.458627
1619141990630407745 -0.76516 -0.45403 0 0 0 -0.876237 -0.48188
1619141990831648114 -0.772896 -0.440964 0 0 0 -0.861395 -0.507936
1619141991031642137 -0.778912 -0.429402 0 0 0 -0.848366 -0.529411
1619141991232885005 -0.785292 -0.415289 0 0 0 -0.831572 -0.555416
1619141991433005536 -0.789758 -0.40372 0 0 0 -0.817482 -0.575954
1619141991634248039 -0.795228 -0.386527 0 0 0 -0.796634 -0.604462
1619141991834263675 -0.798025 -0.375565 0 0 0 -0.783169 -0.621808
1619141992035568990 -0.800983 -0.361136 0 0 0 -0.767173 -0.641441
1619141992235526500 -0.802609 -0.351348 0 0 0 -0.758564 -0.651598
1619141992436881084 -0.804909 -0.333119 0 0 0 -0.74269 -0.669636
1619141992637011405 -0.80623 -0.318575 0 0 0 -0.734752 -0.678336
1619141992837179017 -0.807162 -0.305396 0 0 0 -0.72922 -0.68428
1619141993038502091 -0.807437 -0.29991 0 0 0 0.723866 0.689941
1619141993238516214 -0.808052 -0.284129 0 0 0 0.71724 0.696826
1619141993439737568 -0.808312 -0.270666 0 0 0 0.710914 0.703279
1619141993639767576 -0.808295 -0.254341 0 0 0 0.701856 0.712319
1619141993841120388 -0.807925 -0.239539 0 0 0 0.694554 0.719441
1619141994041132530 -0.807437 -0.22816 0 0 0 0.688799 0.724952
1619141994242358363 -0.806374 -0.210728 0 0 0 0.683374 0.730069
1619141994444898093 -0.805344 -0.195526 0 0 0 0.682795 0.73061
1619141994843594259 -0.803966 -0.17071 0 0 0 0.69297 0.720967
1619141995044873268 -0.803533 -0.156568 0 0 0 0.69929 0.714838
1619141995244847803 -0.803317 -0.141485 0 0 0 0.70492 0.709287
1619141995446235664 -0.803316 -0.129057 0 0 0 0.708866 0.705343
1619141995646389939 -0.803412 -0.113719 0 0 0 0.709473 0.704732
1619141995847599519 -0.803496 -0.0983051 0 0 0 0.708628 0.705582
1619141996047759210 -0.803568 -0.0856753 0 0 0 0.709117 0.705091
1619141996247744109 -0.803626 -0.0718052 0 0 0 0.708196 0.706016
1619141996449037177 -0.803671 -0.057201 0 0 0 0.707969 0.706244
1619141996650227173 -0.803687 -0.0416096 0 0 0 0.707166 0.707047
1619141996850467279 -0.803661 -0.0267522 0 0 0 0.70617 0.708042
1619141997050466969 -0.803598 -0.0106548 0 0 0 0.70532 0.708889
1619141997250970770 -0.803545 0.00225355 0 0 0 0.706783 0.70743
1619141997452230295 -0.803552 0.0127575 0 0 0 0.707804 0.706409
1619141997652223786 -0.803527 0.0280197 0 0 0 0.704228 0.709974
1619141997853592894 -0.803153 0.0458086 0 0 0 0.694874 0.719131
1619141998053604718 -0.802623 0.0583514 0 0 0 0.688841 0.724912
1619141998254964032 -0.801891 0.0707319 0 0 0 0.682594 0.730798
1619141998454967522 -0.800902 0.0834499 0 0 0 0.676112 0.736799
1619141998656245378 -0.799445 0.0983626 0 0 0 0.668415 0.743789
1619141998856220222 -0.797955 0.111287 0 0 0 0.662576 0.748995
1619141999057562870 -0.795459 0.129874 0 0 0 0.654133 0.756379
1619141999258717601 -0.793723 0.141182 0 0 0 0.648721 0.761027
1619141999458704422 -0.790604 0.159034 0 0 0 0.638326 0.769766
1619141999659995194 -0.78823 0.171052 0 0 0 0.631414 0.775446
1619141999859950141 -0.785994 0.181367 0 0 0 0.625146 0.780508
1619142000061218100 -0.783255 0.193229 0 0 0 0.620148 0.784485
1619142000261573876 -0.779613 0.20792 0 0 0 0.612293 0.790631
1619142000461692830 -0.77555 0.223077 0 0 0 0.604886 0.796312
1619142000662943028 -0.770567 0.240448 0 0 0 0.600052 0.799961
1619142000863381355 -0.767581 0.250703 0 0 0 0.599985 0.800011
1619142001064656500 -0.763427 0.265021 0 0 0 0.600493 0.79963
1619142001264675923 -0.75996 0.277008 0 0 0 0.600644 0.799517
1619142001465869869 -0.755424 0.29277 0 0 0 0.602227 0.798325
1619142001665815073 -0.753271 0.300341 0 0 0 0.60291 0.797809
1619142001866190222 -0.747896 0.319232 0 0 0 0.602139 0.798391
1619142002067468439 -0.743519 0.334487 0 0 0 0.60182 0.798632
1619142002267581140 -0.740704 0.344238 0 0 0 0.601167 0.799123
1619142002469108520 -0.736504 0.358885 0 0 0 0.602318 0.798256
1619142002669087212 -0.73227 0.373706 0 0 0 0.602137 0.798392
1619142002869465485 -0.728894 0.385456 0 0 0 0.601647 0.798762
1619142003070823595 -0.724585 0.400413 0 0 0 0.601899 0.798572
1619142003270974993 -0.720893 0.413337 0 0 0 0.60224 0.798315
1619142003472179926 -0.717614 0.424798 0 0 0 0.601956 0.798529
1619142003672421218 -0.7127 0.441847 0 0 0 0.601357 0.798981
1619142003873682349 -0.709158 0.454102 0 0 0 0.60073 0.799452
1619142004073680049 -0.703987 0.471603 0 0 0 0.595253 0.803538
1619142004274942428 -0.701892 0.478373 0 0 0 0.591839 0.806057
1619142004476186526 -0.69689 0.493673 0 0 0 0.582106 0.813113
1619142004676318338 -0.691876 0.507954 0 0 0 0.574085 0.818796
1619142004877846184 -0.686032 0.523495 0 0 0 0.565269 0.824907
1619142005077931382 -0.681403 0.535192 0 0 0 0.559163 0.829058
1619142005279185218 -0.674991 0.550644 0 0 0 0.55206 0.833804
1619142005479557288 -0.67111 0.559748 0 0 0 0.551989 0.833851
1619142005680817530 -0.66363 0.577057 0 0 0 0.542235 0.840227
1619142005880803457 -0.659221 0.586479 0 0 0 0.531154 0.847275
1619142006082041563 -0.652437 0.599838 0 0 0 0.514674 0.857386
1619142006282040249 -0.647096 0.609495 0 0 0 0.500274 0.865867
1619142006483299812 -0.639462 0.621972 0 0 0 0.476502 0.879173
1619142006683290894 -0.629007 0.636863 0 0 0 0.445729 0.895168
1619142006884587905 -0.622691 0.644872 0 0 0 0.426255 0.904603
1619142007084634090 -0.614068 0.65461 0 0 0 0.394768 0.918781
1619142007285787037 -0.603299 0.665132 0 0 0 0.359235 0.933247
1619142007485911346 -0.5918 0.674814 0 0 0 0.327001 0.945024
1619142007687195595 -0.58017 0.68339 0 0 0 0.297578 0.954698
1619142007887174123 -0.56926 0.690473 0 0 0 0.269886 0.962892
1619142008088419465 -0.557825 0.696883 0 0 0 0.236087 0.971732
1619142008288522783 -0.54232 0.703982 0 0 0 0.190438 0.981699
1619142008489769635 -0.530912 0.708155 0 0 0 0.158376 0.987379
1619142008689775817 -0.519382 0.711555 0 0 0 0.126992 0.991904
1619142008891018242 -0.505071 0.714696 0 0 0 0.0901035 0.995932
1619142009092268375 -0.486386 0.717191 0 0 0 0.0451237 0.998981
1619142009292260702 -0.475023 0.717953 0 0 0 0.0213693 0.999772
1619142009492376674 -0.460119 0.718146 0 0 0 -0.00842269 0.999965
1619142009693645191 -0.444519 0.717447 0 0 0 -0.0350853 0.999384
1619142009893651476 -0.431006 0.716259 0 0 0 -0.0519132 0.998652
1619142010094891347 -0.417141 0.714543 0 0 0 -0.0714033 0.997448
1619142010295165233 -0.401725 0.712052 0 0 0 -0.0869081 0.996216
1619142010496396718 -0.392487 0.710367 0 0 0 -0.0938481 0.995587
1619142010696385918 -0.376214 0.707071 0 0 0 -0.105752 0.994393
1619142010897635684 -0.361009 0.703623 0 0 0 -0.116152 0.993231
1619142011097747852 -0.348913 0.700662 0 0 0 -0.123627 0.992329
1619142011299009178 -0.336452 0.697392 0 0 0 -0.131152 0.991362
1619142011500264776 -0.32119 0.693231 0 0 0 -0.132747 0.99115
1619142011700299078 -0.302677 0.688194 0 0 0 -0.132422 0.991193
1619142011901507436 -0.294035 0.685832 0 0 0 -0.133328 0.991072
1619142012101498562 -0.282393 0.682634 0 0 0 -0.134526 0.99091
1619142012302738637 -0.271905 0.679725 0 0 0 -0.135602 0.990763
1619142012502752522 -0.2563 0.675379 0 0 0 -0.135748 0.990743
1619142012704030097 -0.225958 0.666872 0 0 0 -0.135272 0.990808
1619142012903987732 -0.225958 0.666872 0 0 0 -0.135272 0.990808
1619142013105349837 -0.213494 0.663418 0 0 0 -0.134194 0.990955
1619142013306634858 -0.19885 0.659396 0 0 0 -0.133912 0.990993
1619142013506637387 -0.184157 0.655362 0 0 0 -0.134151 0.990961
1619142013707903190 -0.174225 0.652628 0 0 0 -0.134093 0.990969
1619142013909137066 -0.159687 0.648599 0 0 0 -0.13556 0.990769
1619142014109127459 -0.144764 0.644446 0 0 0 -0.135649 0.990757
1619142014310382114 -0.130017 0.640322 0 0 0 -0.135685 0.990752
1619142014510499381 -0.120068 0.637554 0 0 0 -0.135293 0.990806
1619142014711880390 -0.104421 0.633171 0 0 0 -0.135979 0.990712
1619142014912251665 -0.0901891 0.629179 0 0 0 -0.136279 0.990671
1619142015112496066 -0.075768 0.625111 0 0 0 -0.137197 0.990544
1619142015313894156 -0.0612299 0.620991 0 0 0 -0.139116 0.990276
1619142015514059963 -0.0491549 0.617465 0 0 0 -0.144869 0.989451
1619142015715232430 -0.0371534 0.613782 0 0 0 -0.152126 0.988361
1619142015915249070 -0.0241058 0.609545 0 0 0 -0.160431 0.987047
1619142016116537577 -0.00721674 0.603708 0 0 0 -0.169685 0.985498
1619142016316488019 0.00446272 0.599463 0 0 0 -0.181037 0.983476
1619142016517754807 0.017761 0.594005 0 0 0 -0.206558 0.978434
1619142016717782748 0.03094 0.587716 0 0 0 -0.23446 0.972126
1619142016918968963 0.0444076 0.580276 0 0 0 -0.265307 0.964164
1619142017118967789 0.0546039 0.57386 0 0 0 -0.288339 0.957528
1619142017320218274 0.0648842 0.566657 0 0 0 -0.313412 0.949617
1619142017520222255 0.076479 0.557573 0 0 0 -0.338347 0.941021
1619142017721469250 0.0877615 0.547716 0 0 0 -0.36411 0.931356
1619142017921731615 0.0984657 0.537198 0 0 0 -0.392329 0.919825
1619142018122969338 0.108337 0.526334 0 0 0 -0.417023 0.908896
1619142018322965402 0.122192 0.508743 0 0 0 -0.456546 0.8897
1619142018524347550 0.126552 0.502465 0 0 0 -0.469974 0.88268
1619142018724461842 0.131308 0.495112 0 0 0 -0.485536 0.874217
1619142018925716023 0.138714 0.482409 0 0 0 -0.510179 0.860068
1619142019125958022 0.14591 0.468154 0 0 0 -0.538272 0.842771
1619142019327335429 0.155313 0.444885 0 0 0 -0.580007 0.814611
1619142019527331751 0.155313 0.444885 0 0 0 -0.580007 0.814611
1619142019728599733 0.159919 0.430019 0 0 0 -0.605926 0.795521
1619142019928578295 0.163698 0.414581 0 0 0 -0.626898 0.779101
1619142020129832629 0.166819 0.398944 0 0 0 -0.641093 0.767463
1619142020330096136 0.168551 0.389021 0 0 0 -0.645533 0.763732
1619142020531329585 0.171014 0.373651 0 0 0 -0.652176 0.758067
1619142020731326895 0.17279 0.361735 0 0 0 -0.654437 0.756117
1619142020932579875 0.175251 0.343219 0 0 0 -0.663616 0.748073
1619142021132580726 0.176388 0.333159 0 0 0 -0.668921 0.743334
1619142021333817142 0.177828 0.317609 0 0 0 -0.677931 0.735125
1619142021533826118 0.178614 0.307261 0 0 0 -0.682209 0.731157
1619142021735077794 0.17962 0.289396 0 0 0 -0.69223 0.721677
1619142021935088228 0.180135 0.271509 0 0 0 -0.70136 0.712808
1619142022136460475 0.180229 0.263714 0 0 0 -0.704215 0.709987
1619142022336443200 0.180221 0.24916 0 0 0 -0.710343 0.703856
1619142022537922217 0.179959 0.236153 0 0 0 -0.717484 0.696575
1619142022737710619 0.179126 0.216125 0 0 0 -0.725387 0.688342
1619142022939321823 0.178485 0.204601 0 0 0 -0.726761 0.686891
1619142023139351056 0.177647 0.190072 0 0 0 -0.726801 0.686849
1619142023340540386 0.176906 0.176754 0 0 0 -0.725856 0.687847
1619142023540550661 0.176109 0.161816 0 0 0 -0.725818 0.687886
1619142023741806709 0.175414 0.148597 0 0 0 -0.725548 0.688171
1619142023941802869 0.174557 0.132902 0 0 0 -0.726352 0.687323
1619142024142058038 0.173862 0.120621 0 0 0 -0.727236 0.686388
1619142024343389553 0.173114 0.107303 0 0 0 -0.726441 0.687229
1619142024543424305 0.172246 0.0917362 0 0 0 -0.726522 0.687143
1619142024744774830 0.171327 0.0758677 0 0 0 -0.727795 0.685794
1619142024944772968 0.17066 0.0650299 0 0 0 -0.728704 0.684829
1619142025145918650 0.169847 0.0520202 0 0 0 -0.728877 0.684644
1619142025345927203 0.168722 0.0329186 0 0 0 -0.724711 0.689053
1619142025547344289 0.168215 0.0213629 0 0 0 -0.719368 0.694629
1619142025747417321 0.167823 0.00377678 0 0 0 -0.71018 0.704021
1619142025948908625 0.167796 -0.00348731 0 0 0 -0.706399 0.707814
1619142026149041916 0.168092 -0.0225941 0 0 0 -0.697186 0.71689
1619142026349288643 0.168713 -0.0383501 0 0 0 -0.68846 0.725275
1619142026550544895 0.169327 -0.0489374 0 0 0 -0.684064 0.729422
1619142026750570374 0.170438 -0.063956 0 0 0 -0.677158 0.735838
1619142026952367039 0.171613 -0.0769378 0 0 0 -0.671778 0.740753
1619142027152165695 0.173231 -0.091783 0 0 0 -0.664343 0.747428
1619142027353549081 0.174491 -0.101879 0 0 0 -0.659709 0.751521
1619142027553533204 0.177077 -0.12186 0 0 0 -0.66193 0.749565
1619142027755127421 0.178152 -0.130373 0 0 0 -0.659927 0.75133
1619142027955287741 0.179877 -0.143369 0 0 0 -0.658091 0.752938
1619142028155283113 0.182509 -0.162425 0 0 0 -0.653861 0.756615
1619142028356536810 0.182509 -0.162425 0 0 0 -0.653861 0.756615
1619142028556542182 0.187313 -0.191644 0 0 0 -0.639764 0.768571
1619142028757784525 0.190164 -0.206199 0 0 0 -0.631265 0.775567
1619142028957792605 0.192249 -0.215925 0 0 0 -0.625948 0.779864
1619142029159036041 0.195677 -0.230615 0 0 0 -0.617327 0.786706
1619142029359286722 0.199231 -0.244545 0 0 0 -0.609438 0.792834
1619142029560597032 0.202717 -0.257237 0 0 0 -0.602597 0.798046
1619142029760534017 0.207403 -0.273086 0 0 0 -0.593639 0.804731
1619142029961956878 0.212044 -0.287279 0 0 0 -0.579871 0.814708
1619142030161900998 0.218238 -0.303796 0 0 0 -0.559368 0.828919
1619142030363265108 0.22359 -0.316399 0 0 0 -0.543919 0.839138
1619142030563521256 0.227253 -0.324353 0 0 0 -0.534878 0.844929
1619142030764784273 0.234589 -0.339021 0 0 0 -0.51599 0.856595
1619142030964850787 0.240868 -0.350298 0 0 0 -0.496395 0.868097
1619142031166193595 0.249342 -0.363743 0 0 0 -0.469813 0.882766
1619142031366243180 0.254037 -0.370467 0 0 0 -0.455183 0.890398
1619142031566403755 0.263339 -0.382532 0 0 0 -0.426991 0.904256
1619142031767756458 0.276073 -0.396877 0 0 0 -0.392699 0.919667
1619142031969007182 0.28407 -0.404878 0 0 0 -0.372826 0.927901
1619142032169003902 0.292711 -0.412831 0 0 0 -0.354716 0.934974
1619142032370250406 0.306214 -0.424021 0 0 0 -0.323302 0.946296
1619142032570381240 0.318883 -0.433191 0 0 0 -0.292054 0.956402
1619142032771754409 0.331296 -0.441024 0 0 0 -0.262551 0.964918
1619142032971888264 0.340308 -0.446064 0 0 0 -0.242029 0.970269
1619142033173270078 0.350721 -0.451271 0 0 0 -0.218037 0.97594
1619142033373248620 0.364069 -0.457066 0 0 0 -0.188523 0.982069
1619142033574813714 0.380593 -0.462938 0 0 0 -0.151517 0.988455
1619142033774763610 0.394918 -0.466967 0 0 0 -0.12256 0.992461
1619142033974937932 0.409532 -0.470149 0 0 0 -0.0923312 0.995728
1619142034176110996 0.421295 -0.472078 0 0 0 -0.0694735 0.997584
1619142034377391351 0.436106 -0.473763 0 0 0 -0.0441931 0.999023
1619142034577494161 0.449539 -0.474684 0 0 0 -0.0246641 0.999696
1619142034777497545 0.465908 -0.475133 0 0 0 -0.00342646 0.999994
1619142034978984982 0.480815 -0.475022 0 0 0 0.00999658 0.99995
1619142035179002427 0.491669 -0.474735 0 0 0 0.0169017 0.999857
1619142035380244343 0.509368 -0.473938 0 0 0 0.0250569 0.999686
1619142035580248767 0.522083 -0.473285 0 0 0 0.0257567 0.999668
1619142035781493548 0.533104 -0.472716 0 0 0 0.0258373 0.999666
1619142035981610783 0.548825 -0.471891 0 0 0 0.0258184 0.999667
1619142036182859261 0.564853 -0.471099 0 0 0 0.0247498 0.999694
1619142036382915506 0.575191 -0.470567 0 0 0 0.0260127 0.999662
1619142036584113202 0.593412 -0.469562 0 0 0 0.0288264 0.999584
1619142036784111375 0.603951 -0.468981 0 0 0 0.0270867 0.999633
1619142036985355894 0.61588 -0.468338 0 0 0 0.0261711 0.999657
1619142037185342607 0.632336 -0.467491 0 0 0 0.026465 0.99965
1619142037386601031 0.647021 -0.466724 0 0 0 0.0260839 0.99966
1619142037586844305 0.659533 -0.466072 0 0 0 0.026609 0.999646
1619142037788084187 0.676088 -0.465193 0 0 0 0.0263352 0.999653
1619142037988106524 0.689231 -0.464485 0 0 0 0.0267367 0.999642
1619142038189380415 0.706568 -0.463545 0 0 0 0.0274722 0.999623
1619142038389418741 0.714403 -0.463108 0 0 0 0.02822 0.999602
1619142038590733309 0.735277 -0.461955 0 0 0 0.0280437 0.999607
1619142038790836270 0.747762 -0.46127 0 0 0 0.027535 0.999621
1619142038992089640 0.760474 -0.460567 0 0 0 0.0280552 0.999606
1619142039192098485 0.774552 -0.459813 0 0 0 0.0261167 0.999659
1619142039393335656 0.787973 -0.459098 0 0 0 0.0267911 0.999641
1619142039593461376 0.799675 -0.458482 0 0 0 0.0265739 0.999647
1619142039794808494 0.816054 -0.457611 0 0 0 0.026721 0.999643
1619142039995156035 0.83122 -0.456827 0 0 0 0.0249255 0.999689
1619142040196173987 0.84444 -0.456156 0 0 0 0.0247486 0.999694
1619142040396100384 0.860593 -0.455338 0 0 0 0.0250739 0.999686
1619142040596333393 0.874647 -0.454611 0 0 0 0.0261019 0.999659
1619142040797619625 0.886273 -0.453983 0 0 0 0.0277178 0.999616
1619142040997835446 0.905254 -0.452965 0 0 0 0.0263348 0.999653
1619142041199189957 0.913317 -0.452539 0 0 0 0.0266296 0.999645
1619142041399431976 0.931338 -0.451588 0 0 0 0.0265861 0.999647
1619142041599447589 0.942536 -0.451009 0 0 0 0.02513 0.999684
1619142041800827256 0.956338 -0.450309 0 0 0 0.0259245 0.999664
1619142042000941358 0.974083 -0.449398 0 0 0 0.0276354 0.999618
1619142042202186285 0.985401 -0.448711 0 0 0 0.033207 0.999448
1619142042402330178 0.99956 -0.44765 0 0 0 0.042402 0.999101
1619142042602567923 1.01418 -0.446276 0 0 0 0.052292 0.998632
1619142042803939673 1.0284 -0.444565 0 0 0 0.0686866 0.997638
1619142043004102106 1.04464 -0.441951 0 0 0 0.0915414 0.995801
1619142043205325105 1.05562 -0.439665 0 0 0 0.112786 0.993619
1619142043405494048 1.06714 -0.436726 0 0 0 0.136385 0.990656
1619142043606735744 1.08309 -0.431692 0 0 0 0.168011 0.985785
1619142043806701147 1.09713 -0.426169 0 0 0 0.205587 0.978639
1619142044007915083 1.11069 -0.419565 0 0 0 0.24315 0.969989
1619142044207955432 1.12306 -0.412299 0 0 0 0.28008 0.959977
1619142044409321501 1.13546 -0.403669 0 0 0 0.318628 0.94788
1619142044609296173 1.14281 -0.397827 0 0 0 0.340829 0.940125
1619142044810635784 1.15407 -0.387874 0 0 0 0.366718 0.930332
1619142045010679986 1.16449 -0.377425 0 0 0 0.401537 0.915843
1619142045211922513 1.17586 -0.363908 0 0 0 0.443142 0.896451
1619142045412048381 1.18152 -0.356072 0 0 0 0.465716 0.884934
1619142045613309084 1.19157 -0.33968 0 0 0 0.511254 0.85943
1619142045813425681 1.19264 -0.337672 0 0 0 0.516119 0.856517
1619142046014863571 1.20019 -0.321759 0 0 0 0.553194 0.833053
1619142046214811001 1.2054 -0.307878 0 0 0 0.58567 0.81055
1619142046416193369 1.21093 -0.287359 0 0 0 0.62824 0.778019
1619142046616368922 1.2132 -0.275322 0 0 0 0.648497 0.761218
1619142046817526813 1.21486 -0.263364 0 0 0 0.665153 0.746707
1619142047017522523 1.21674 -0.240945 0 0 0 0.688246 0.725477
1619142047218802964 1.21727 -0.224376 0 0 0 0.701933 0.712243
1619142047418779298 1.21727 -0.224376 0 0 0 0.701933 0.712243
1619142047620111926 1.21719 -0.204509 0 0 0 0.714344 0.699795
1619142047820030448 1.21689 -0.194085 0 0 0 0.719497 0.694495
1619142048021288389 1.21623 -0.178888 0 0 0 0.72468 0.689086
1619142048222658983 1.21563 -0.16863 0 0 0 -0.731345 -0.682008
1619142048422536306 1.21442 -0.153441 0 0 0 -0.737002 -0.67589
1619142048623777162 1.21336 -0.141744 0 0 0 -0.739226 -0.673457
1619142048823771151 1.2122 -0.129295 0 0 0 -0.739625 -0.67302
1619142049025048257 1.20953 -0.101048 0 0 0 -0.739604 -0.673042
1619142049225033859 1.20953 -0.101048 0 0 0 -0.739604 -0.673042
1619142049426288568 1.20798 -0.0848978 0 0 0 -0.740208 -0.672378
1619142049626395055 1.2067 -0.0717223 0 0 0 -0.739836 -0.672787
1619142049827648201 1.20522 -0.0558454 0 0 0 -0.738993 -0.673713
1619142050027862604 1.20422 -0.0450077 0 0 0 -0.739002 -0.673703
1619142050229031531 1.20277 -0.0292553 0 0 0 -0.738591 -0.674154
1619142050429143641 1.20138 -0.0142085 0 0 0 -0.739 -0.673705
1619142050629386115 1.20015 -0.000774081 0 0 0 -0.738195 -0.674587
1619142050830636343 1.19561 0.0493886 0 0 0 -0.738786 -0.673941
1619142051031886571 1.19561 0.0493886 0 0 0 -0.738786 -0.673941
1619142051232141700 1.19561 0.0493886 0 0 0 -0.738786 -0.673941
1619142051433507655 1.19458 0.0604782 0 0 0 -0.739034 -0.673668
1619142051633638619 1.19327 0.0749214 0 0 0 -0.737832 -0.674984
1619142051833635624 1.19193 0.0900746 0 0 0 -0.737385 -0.675472
1619142052034888195 1.19043 0.107195 0 0 0 -0.737043 -0.675845
1619142052236171753 1.18888 0.124945 0 0 0 -0.737451 -0.675401
1619142052436265215 1.18744 0.141563 0 0 0 -0.736416 -0.676529
1619142052637521794 1.18578 0.16121 0 0 0 -0.736383 -0.676565
1619142052837525986 1.18455 0.175382 0 0 0 -0.737321 -0.675543
1619142053037641739 1.1833 0.189627 0 0 0 -0.737726 -0.6751
1619142053239158837 1.18173 0.206971 0 0 0 -0.738385 -0.67438
1619142053439141465 1.18023 0.22343 0 0 0 -0.739159 -0.673531
1619142053640576010 1.17857 0.24051 0 0 0 -0.742599 -0.669736
1619142053840589419 1.1776 0.249341 0 0 0 -0.74672 -0.665139
1619142054041744019 1.17468 0.271907 0 0 0 -0.755337 -0.655337
1619142054242018831 1.17208 0.288817 0 0 0 -0.7631 -0.64628
1619142054442256924 1.16901 0.306163 0 0 0 -0.769488 -0.638661
1619142054643615480 1.16667 0.318136 0 0 0 -0.773851 -0.633368
1619142054843620241 1.16306 0.335302 0 0 0 -0.779007 -0.627015
1619142055045004994 1.16025 0.34777 0 0 0 -0.783376 -0.621548
1619142055245244597 1.15609 0.364497 0 0 0 -0.792629 -0.609704
1619142055446476902 1.15028 0.384445 0 0 0 -0.806485 -0.591254
1619142055646758379 1.14677 0.395043 0 0 0 -0.814099 -0.580725
1619142055846860847 1.13942 0.41453 0 0 0 -0.831179 -0.556005
1619142056048266900 1.13241 0.430162 0 0 0 -0.847897 -0.530161
1619142056248482752 1.12727 0.440185 0 0 0 -0.858487 -0.512835
1619142056449752346 1.11827 0.455643 0 0 0 -0.875182 -0.483794
1619142056649844136 1.1087 0.469916 0 0 0 -0.889165 -0.457587
1619142056850004988 1.10337 0.477122 0 0 0 -0.896509 -0.443026
1619142057051241562 1.08968 0.493741 0 0 0 -0.912265 -0.409601
1619142057251223715 1.07993 0.504203 0 0 0 -0.921886 -0.387461
1619142057452610704 1.06561 0.517822 0 0 0 -0.935594 -0.353078
1619142057652596243 1.05698 0.525063 0 0 0 -0.943642 -0.330967
1619142057853848649 1.04362 0.534907 0 0 0 -0.955708 -0.294315
1619142058053963406 1.03172 0.542427 0 0 0 -0.964774 -0.263079
1619142058255338674 1.01516 0.55122 0 0 0 -0.975352 -0.220653
1619142058458088465 0.999105 0.558138 0 0 0 -0.982868 -0.18431
1619142058856835485 0.963383 0.569044 0 0 0 -0.993964 -0.109704
1619142059058087473 0.941381 0.572927 0 0 0 -0.997955 -0.0639188
1619142059259373157 0.931166 0.57404 0 0 0 -0.999011 -0.0444577
1619142059459440359 0.907662 0.575228 0 0 0 -0.999961 -0.008884
1619142059659578447 0.892097 0.575232 0 0 0 -0.999962 0.00870475
1619142059860960276 0.875478 0.574661 0 0 0 -0.999697 0.0246169
1619142060060940448 0.856633 0.57349 0 0 0 -0.999343 0.0362371
1619142060262313005 0.836805 0.571873 0 0 0 -0.998965 0.0454851
1619142060463467126 0.820862 0.57029 0 0 0 -0.998532 0.05417
1619142060663590108 0.79892 0.567687 0 0 0 -0.998013 0.063001
1619142060864841520 0.783383 0.565673 0 0 0 -0.997924 0.0644054
1619142061064960179 0.763681 0.563106 0 0 0 -0.997886 0.0649835
1619142061265217638 0.747844 0.56104 0 0 0 -0.997912 0.0645906
1619142061466663631 0.732332 0.559028 0 0 0 -0.997943 0.0641062
1619142061666590363 0.71418 0.556708 0 0 0 -0.998016 0.0629577
1619142061867963856 0.692187 0.55389 0 0 0 -0.997839 0.0657031
1619142062068226210 0.675726 0.551723 0 0 0 -0.997837 0.0657407
1619142062268338929 0.652467 0.548631 0 0 0 -0.997757 0.0669387
1619142062469688203 0.638399 0.546705 0 0 0 -0.997673 0.0681791
1619142062669700870 0.617986 0.543916 0 0 0 -0.99766 0.0683722
1619142062870955457 0.601109 0.54161 0 0 0 -0.997683 0.0680298
1619142063071195153 0.58391 0.539226 0 0 0 -0.9975 0.0706682
1619142063272447916 0.564068 0.536376 0 0 0 -0.997392 0.0721696
1619142063472697872 0.543592 0.533309 0 0 0 -0.997053 0.0767191
1619142063673981571 0.526474 0.530557 0 0 0 -0.996558 0.0828938
1619142063874073768 0.513897 0.528427 0 0 0 -0.996377 0.0850456
1619142064075305801 0.494201 0.524975 0 0 0 -0.996097 0.0882646
1619142064275358830 0.475432 0.521523 0 0 0 -0.995491 0.0948549
1619142064476690393 0.460783 0.518627 0 0 0 -0.994911 0.100762
1619142064676694672 0.441683 0.514506 0 0 0 -0.993669 0.112345
1619142064878000297 0.423432 0.510079 0 0 0 -0.991951 0.126624
1619142065077916243 0.407987 0.505823 0 0 0 -0.989742 0.142869
1619142065279284940 0.401668 0.503896 0 0 0 -0.988412 0.151792
1619142065479599632 0.371756 0.492877 0 0 0 -0.978859 0.204536
1619142065679802659 0.355294 0.484952 0 0 0 -0.970493 0.241128
1619142065881296667 0.344253 0.478718 0 0 0 -0.963771 0.26673
1619142066081179695 0.322695 0.464171 0 0 0 -0.948157 0.317803
1619142066282566515 0.307844 0.451993 0 0 0 -0.934842 0.355065
1619142066482675374 0.298597 0.443317 0 0 0 -0.924351 0.381543
1619142066684054434 0.284888 0.428764 0 0 0 -0.914901 0.403679
1619142066884062929 0.272341 0.414419 0 0 0 -0.908606 0.417655
1619142067085348135 0.262626 0.402781 0 0 0 -0.901779 0.432197
1619142067285594387 0.252405 0.389441 0 0 0 -0.891169 0.453672
1619142067486522876 0.241863 0.373903 0 0 0 -0.875838 0.482605
1619142067686754389 0.232435 0.358074 0 0 0 -0.863151 0.504946
1619142067888172249 0.223344 0.341123 0 0 0 -0.853281 0.521451
1619142068088296992 0.200657 0.2922 0 0 0 -0.83435 0.551236
1619142068288555847 0.200657 0.2922 0 0 0 -0.83435 0.551236
1619142068490207402 0.198349 0.286745 0 0 0 -0.832983 0.553299
1619142068690414852 0.19312 0.274118 0 0 0 -0.829687 0.558228
1619142068891667555 0.186193 0.256716 0 0 0 -0.825692 0.56412
1619142069091768026 0.17905 0.238121 0 0 0 -0.823906 0.566726
1619142069293142863 0.173886 0.224569 0 0 0 -0.822832 0.568285
1619142069493266145 0.167951 0.208926 0 0 0 -0.823092 0.567908
1619142069693557134 0.161736 0.192497 0 0 0 -0.822761 0.568388
1619142069894514734 0.155228 0.175123 0 0 0 -0.820851 0.571143
1619142070094905254 0.147477 0.154188 0 0 0 -0.820256 0.571996
1619142070296261495 0.141096 0.136875 0 0 0 -0.820176 0.572111
1619142070496280402 0.135455 0.121717 0 0 0 -0.823097 0.567901
1619142070697534874 0.125909 0.0975403 0 0 0 -0.829835 0.558009
1619142070898763199 0.11782 0.0779874 0 0 0 -0.831647 0.555305
1619142071098766376 0.111286 0.0620648 0 0 0 -0.828777 0.559579
1619142071298889031 0.103732 0.0425446 0 0 0 -0.819836 0.572599
1619142071500152824 0.0961874 0.020064 0 0 0 -0.802849 0.596183
1619142071700253343 0.0921216 0.00543322 0 0 0 -0.788494 0.615043
1619142071901490834 0.0876934 -0.0155886 0 0 0 -0.763881 0.645357
1619142072101645467 0.0846792 -0.0407857 0 0 0 -0.731866 0.681449
1619142072302879467 0.084089 -0.0585655 0 0 0 -0.705907 0.708304
1619142072503256754 0.0849038 -0.0783884 0 0 0 -0.679808 0.73339
1619142072704500025 0.0872697 -0.0991305 0 0 0 -0.652534 0.75776
1619142072905764911 0.0907271 -0.11769 0 0 0 -0.626641 0.779308
1619142073105882407 0.0971892 -0.142759 0 0 0 -0.602104 0.798417
1619142073307243749 0.102574 -0.160538 0 0 0 -0.588376 0.808588
1619142073507364005 0.107806 -0.175949 0 0 0 -0.576676 0.816973
1619142073708648420 0.11605 -0.197698 0 0 0 -0.561379 0.827559
1619142073908713833 0.123417 -0.215658 0 0 0 -0.552557 0.833475
1619142074109851842 0.129539 -0.229777 0 0 0 -0.54566 0.838007
1619142074309860327 0.138272 -0.249217 0 0 0 -0.542746 0.839897
1619142074511102606 0.147777 -0.270253 0 0 0 -0.54249 0.840062
1619142074711110621 0.155241 -0.28685 0 0 0 -0.54366 0.839305
1619142074912350192 0.162682 -0.303457 0 0 0 -0.543428 0.839455
1619142075112467373 0.173385 -0.32759 0 0 0 -0.548413 0.836208
1619142075313859337 0.178647 -0.339901 0 0 0 -0.553283 0.832993
1619142075513856466 0.185565 -0.356843 0 0 0 -0.561827 0.827255
1619142075715101296 0.193834 -0.378421 0 0 0 -0.570885 0.82103
1619142075915103112 0.201316 -0.399212 0 0 0 -0.578776 0.815487
1619142076116341795 0.207121 -0.416272 0 0 0 -0.585468 0.810695
1619142076316349965 0.212101 -0.431606 0 0 0 -0.589614 0.807685
1619142076517593022 0.218782 -0.452509 0 0 0 -0.589 0.808133
1619142076717669212 0.226436 -0.47605 0 0 0 -0.584683 0.811262
1619142076918887113 0.232187 -0.492888 0 0 0 -0.577699 0.81625
1619142077118844032 0.242112 -0.519168 0 0 0 -0.557847 0.829944
1619142077320087297 0.247604 -0.532152 0 0 0 -0.546978 0.837147
1619142077520092340 0.255998 -0.549737 0 0 0 -0.51958 0.854422
1619142077721325656 0.267269 -0.569965 0 0 0 -0.493377 0.869816
1619142077922561160 0.279112 -0.588343 0 0 0 -0.462861 0.886431
1619142078122579952 0.292288 -0.605661 0 0 0 -0.425227 0.905087
1619142078323838580 0.304231 -0.619051 0 0 0 -0.393522 0.919315
1619142078523856174 0.319666 -0.633958 0 0 0 -0.356494 0.934298
1619142078725480372 0.334433 -0.6462 0 0 0 -0.321916 0.946768
1619142078925079635 0.351252 -0.658045 0 0 0 -0.28253 0.959258
1619142079126592739 0.365253 -0.666487 0 0 0 -0.253149 0.967427
1619142079326708196 0.383566 -0.67586 0 0 0 -0.215405 0.976525
1619142079528138227 0.400408 -0.682943 0 0 0 -0.179893 0.983686
1619142079728095403 0.418044 -0.688933 0 0 0 -0.147849 0.98901
1619142079929347779 0.437569 -0.694286 0 0 0 -0.118799 0.992918
1619142080129330892 0.458267 -0.698668 0 0 0 -0.0895264 0.995984
1619142080330573371 0.476363 -0.701549 0 0 0 -0.0679411 0.997689
1619142080531989339 0.497436 -0.703944 0 0 0 -0.0451107 0.998982
1619142080731950472 0.515383 -0.70525 0 0 0 -0.0278014 0.999613
1619142080933277378 0.53668 -0.706 0 0 0 -0.00793824 0.999968
1619142081133591529 0.550727 -0.706037 0 0 0 0.00529263 0.999986
1619142081334815986 0.572734 -0.70532 0 0 0 0.0262564 0.999655
1619142081534833576 0.596441 -0.703644 0 0 0 0.041093 0.999155
1619142081736276156 0.618644 -0.701584 0 0 0 0.0508048 0.998709
1619142081936077914 0.637133 -0.699524 0 0 0 0.0596556 0.998219
1619142082137313672 0.655205 -0.69718 0 0 0 0.0689753 0.997618
1619142082337465166 0.68087 -0.693231 0 0 0 0.0830289 0.996547
1619142082538691341 0.702845 -0.689298 0 0 0 0.0926438 0.995699
1619142082738697471 0.718398 -0.686275 0 0 0 0.0991843 0.995069
1619142082940179165 0.736158 -0.682543 0 0 0 0.107356 0.994221
1619142083140419668 0.754819 -0.678314 0 0 0 0.115724 0.993281
1619142083340580431 0.754819 -0.678314 0 0 0 0.115724 0.993281
1619142083541956864 0.796648 -0.667127 0 0 0 0.149164 0.988813
1619142083742189085 0.815098 -0.661091 0 0 0 0.166215 0.986089
1619142083942320422 0.838058 -0.652405 0 0 0 0.195655 0.980673
1619142084143728259 0.852917 -0.645833 0 0 0 0.218093 0.975928
1619142084343891209 0.872458 -0.635909 0 0 0 0.247422 0.968908
1619142084545174620 0.885361 -0.628496 0 0 0 0.26775 0.963488
1619142084745175019 0.903547 -0.616725 0 0 0 0.298247 0.954489
1619142084946673168 0.921476 -0.60343 0 0 0 0.328568 0.94448
1619142085146740440 0.94073 -0.587164 0 0 0 0.359106 0.933297
1619142085346963024 0.954598 -0.57402 0 0 0 0.381338 0.924436
1619142085550821729 0.967208 -0.560831 0 0 0 0.405253 0.914204
1619142085949684875 0.9947 -0.526141 0 0 0 0.4633 0.886201
1619142086149929853 1.0022 -0.514929 0 0 0 0.478816 0.877916
1619142086351304459 1.01172 -0.499183 0 0 0 0.502732 0.864442
1619142086551473135 1.02316 -0.477437 0 0 0 0.530865 0.847457
1619142086752669460 1.03024 -0.461973 0 0 0 0.549029 0.835803
1619142086952659648 1.03762 -0.443583 0 0 0 0.571628 0.820513
1619142087153901546 1.04437 -0.423823 0 0 0 0.591763 0.806112
1619142087353909909 1.05155 -0.398844 0 0 0 0.610784 0.791797
1619142087555453523 1.05534 -0.383721 0 0 0 0.618655 0.785663
1619142087755285325 1.06003 -0.363243 0 0 0 0.627413 0.778687
1619142087956509097 1.06447 -0.341857 0 0 0 0.634914 0.772583
1619142088156640063 1.06845 -0.320765 0 0 0 0.641912 0.766779
1619142088357902583 1.073 -0.294146 0 0 0 0.645748 0.76355
1619142088558034330 1.07457 -0.284785 0 0 0 0.646272 0.763107
1619142088758148681 1.07825 -0.263074 0 0 0 0.644685 0.764448
1619142088959407139 1.0815 -0.244165 0 0 0 0.643986 0.765038
1619142089160646534 1.08446 -0.226979 0 0 0 0.644162 0.764889
1619142089360630936 1.08813 -0.205729 0 0 0 0.644128 0.764918
1619142089562009340 1.09189 -0.183699 0 0 0 0.645416 0.763831
1619142089762009993 1.0951 -0.164886 0 0 0 0.644896 0.76427
1619142089963473396 1.09881 -0.143079 0 0 0 0.64454 0.76457
1619142090163276653 1.10174 -0.12599 0 0 0 0.644436 0.764658
1619142090363442355 1.10532 -0.105083 0 0 0 0.645913 0.763411
1619142090564720186 1.10802 -0.0890094 0 0 0 0.645387 0.763856
1619142090766027339 1.11201 -0.0657588 0 0 0 0.64387 0.765135
1619142090966210593 1.11574 -0.0442626 0 0 0 0.643604 0.765358
1619142091166255670 1.1178 -0.0324441 0 0 0 0.643209 0.765691
1619142091367522926 1.12221 -0.00710828 0 0 0 0.643618 0.765347
1619142091567640503 1.12559 0.0124707 0 0 0 0.64501 0.764174
1619142091768988019 1.12915 0.0336115 0 0 0 0.64595 0.763379
1619142091969002523 1.13242 0.0529775 0 0 0 0.64507 0.764123
1619142092170376392 1.1354 0.0704942 0 0 0 0.645328 0.763906
1619142092370510112 1.13898 0.0917348 0 0 0 0.646274 0.763105
1619142092571744763 1.14252 0.112647 0 0 0 0.644799 0.764352
1619142092771998327 1.14539 0.129514 0 0 0 0.645161 0.764046
1619142092973236311 1.14977 0.154984 0 0 0 0.644348 0.764732
1619142093173240813 1.1522 0.169152 0 0 0 0.644128 0.764917
1619142093374702961 1.15605 0.191142 0 0 0 0.642729 0.766094
1619142093574666838 1.15979 0.21279 0 0 0 0.645618 0.76366
1619142093774987275 1.16234 0.227967 0 0 0 0.646128 0.763229
1619142093976362445 1.16608 0.250078 0 0 0 0.644548 0.764564
1619142094176361685 1.16953 0.270288 0 0 0 0.64527 0.763955
1619142094377602687 1.17337 0.292973 0 0 0 0.645089 0.764108
1619142094577765363 1.17661 0.312191 0 0 0 0.646136 0.763223
1619142094779109438 1.17923 0.328381 0 0 0 0.649823 0.760085
1619142094979100449 1.18242 0.350067 0 0 0 0.656941 0.753942
1619142095180663271 1.18498 0.370356 0 0 0 0.666186 0.745786
1619142095380628083 1.18669 0.387634 0 0 0 0.67766 0.735375
1619142095581845543 1.18804 0.415057 0 0 0 0.701827 0.712347
1619142095781958322 1.18792 0.429863 0 0 0 0.716756 0.697324
1619142095982083758 1.1875 0.440358 0 0 0 -0.728978 -0.684537
1619142096183333612 1.18577 0.461852 0 0 0 -0.741957 -0.670448
1619142096384698778 1.18226 0.487372 0 0 0 -0.767631 -0.640892
1619142096584660932 1.17843 0.505108 0 0 0 -0.788744 -0.614721
1619142096785992608 1.17254 0.525242 0 0 0 -0.811543 -0.584293
1619142096986011533 1.16717 0.53982 0 0 0 -0.828557 -0.559904
1619142097187369406 1.15572 0.56452 0 0 0 -0.856339 -0.516414
1619142097387346351 1.14761 0.578801 0 0 0 -0.871891 -0.4897
1619142097588587870 1.13627 0.595903 0 0 0 -0.889961 -0.456036
1619142097788589867 1.11998 0.616444 0 0 0 -0.91062 -0.413245
1619142097989835761 1.10868 0.628641 0 0 0 -0.9217 -0.387903
1619142098189846923 1.09511 0.641618 0 0 0 -0.934275 -0.356552
1619142098391218284 1.08153 0.653157 0 0 0 -0.943002 -0.332788
1619142098591225644 1.06391 0.666223 0 0 0 -0.955263 -0.295759
1619142098792662317 1.05242 0.673763 0 0 0 -0.961248 -0.275685
1619142098992458636 0.99838 0.700134 0 0 0 -0.985165 -0.171608
1619142099192586723 0.99838 0.700134 0 0 0 -0.985165 -0.171608
1619142099393823865 0.99518 0.70126 0 0 0 -0.986246 -0.165284
1619142099593820755 0.978452 0.70644 0 0 0 -0.991038 -0.133581
1619142099795080814 0.954787 0.712042 0 0 0 -0.995038 -0.0994957
1619142099996003895 0.937282 0.715223 0 0 0 -0.996711 -0.0810359
1619142100196563488 0.916193 0.71829 0 0 0 -0.997906 -0.0646801
1619142100396570637 0.89457 0.72079 0 0 0 -0.998663 -0.0516925
1619142100597806736 0.874675 0.722788 0 0 0 -0.998774 -0.0495039
1619142100797932843 0.852239 0.725075 0 0 0 -0.99869 -0.0511763
1619142100999321805 0.841865 0.726136 0 0 0 -0.9987 -0.0509725
1619142101199308432 0.814934 0.728737 0 0 0 -0.998886 -0.0471993
1619142101400566769 0.796765 0.730451 0 0 0 -0.998926 -0.0463352
1619142101600550688 0.775244 0.732467 0 0 0 -0.998885 -0.0472071
1619142101801804702 0.752342 0.734671 0 0 0 -0.998865 -0.047636
1619142102001937162 0.735235 0.73631 0 0 0 -0.998821 -0.0485527
1619142102202174150 0.712083 0.73856 0 0 0 -0.998859 -0.0477673
1619142102403417799 0.696892 0.740027 0 0 0 -0.998837 -0.0482135
1619142102603439632 0.675525 0.742067 0 0 0 -0.998843 -0.0480859
1619142102804770572 0.651235 0.74437 0 0 0 -0.99888 -0.0473167
1619142103008434361 0.635311 0.745888 0 0 0 -0.998865 -0.0476389
1619142103407037462 0.594279 0.749667 0 0 0 -0.998989 -0.0449534
1619142103607050805 0.576281 0.751298 0 0 0 -0.998994 -0.0448467
1619142103808291380 0.557478 0.75303 0 0 0 -0.998884 -0.0472271
1619142104008415087 0.53402 0.755262 0 0 0 -0.99887 -0.0475277
1619142104209660191 0.516359 0.756965 0 0 0 -0.998805 -0.0488729
1619142104409655043 0.489328 0.75959 0 0 0 -0.99889 -0.0470993
1619142104611012959 0.475647 0.760898 0 0 0 -0.998831 -0.0483333
1619142104811021613 0.457633 0.762632 0 0 0 -0.998822 -0.04852
1619142105012282395 0.432417 0.765096 0 0 0 -0.998834 -0.048268
1619142105212275214 0.406543 0.76759 0 0 0 -0.998881 -0.0473041
1619142105413515474 0.399562 0.768245 0 0 0 -0.998915 -0.0465629
1619142105613515689 0.351999 0.772592 0 0 0 -0.998923 -0.0463913
1619142105814895479 0.351999 0.772592 0 0 0 -0.998923 -0.0463913
1619142106016008187 0.330152 0.774654 0 0 0 -0.998846 -0.0480373
1619142106216174754 0.309945 0.77659 0 0 0 -0.99887 -0.0475153
1619142106417394127 0.279455 0.779471 0 0 0 -0.998895 -0.0470076
1619142106617399706 0.265142 0.780821 0 0 0 -0.998872 -0.0474812
1619142106818647464 0.257962 0.781508 0 0 0 -0.998832 -0.0483188
1619142107018794604 0.229192 0.784304 0 0 0 -0.998817 -0.0486358
1619142107218781953 0.21229 0.785964 0 0 0 -0.998812 -0.0487221
1619142107419999658 0.19289 0.787826 0 0 0 -0.99888 -0.0473204
1619142107621253092 0.166657 0.790289 0 0 0 -0.99887 -0.0475204
1619142107821267888 0.152802 0.791636 0 0 0 -0.998734 -0.0503123
1619142108022516947 0.132282 0.793752 0 0 0 -0.998654 -0.0518715
1619142108222504867 0.118111 0.795246 0 0 0 -0.998583 -0.0532182
1619142108423924132 0.0962115 0.797551 0 0 0 -0.99867 -0.0515565
1619142108623747522 0.0696495 0.80029 0 0 0 -0.998731 -0.050355
1619142108825264807 0.0517957 0.802099 0 0 0 -0.998688 -0.0512149
1619142109025260018 0.0349547 0.80386 0 0 0 -0.998601 -0.0528751
1619142109226587199 0.0104119 0.806439 0 0 0 -0.998668 -0.0515934
1619142109426587410 -0.00708848 0.808222 0 0 0 -0.998742 -0.0501398
1619142109627736259 -0.0248196 0.809986 0 0 0 -0.998796 -0.0490568
1619142109827878135 -0.0473628 0.812214 0 0 0 -0.998789 -0.0491973
1619142110029109327 -0.0661512 0.81409 0 0 0 -0.998734 -0.0502984
1619142110229127192 -0.0851104 0.816037 0 0 0 -0.998665 -0.0516514
1619142110430493330 -0.109752 0.818645 0 0 0 -0.998536 -0.0540971
1619142110630482654 -0.128525 0.820671 0 0 0 -0.998575 -0.0533641
1619142110831746032 -0.146118 0.822543 0 0 0 -0.998611 -0.0526931
1619142111031732439 -0.171812 0.825301 0 0 0 -0.998478 -0.0551564
1619142111233012951 -0.185448 0.826808 0 0 0 -0.998494 -0.0548681
1619142111433098210 -0.211942 0.829698 0 0 0 -0.99859 -0.0530858
1619142111634230702 -0.22624 0.831202 0 0 0 -0.998668 -0.0515884
1619142111834331379 -0.24597 0.833067 0 0 0 -0.999089 -0.0426722
1619142112034686688 -0.264971 0.834558 0 0 0 -0.999364 -0.0356691
1619142112235970272 -0.286345 0.835823 0 0 0 -0.999743 -0.0226573
1619142112437115992 -0.310382 0.836408 0 0 0 -1 -0.000724955
1619142112637315312 -0.332849 0.835872 0 0 0 -0.999681 0.0252667
1619142112838360095 -0.342826 0.835235 0 0 0 -0.999273 0.0381308
1619142113038457593 -0.368169 0.832348 0 0 0 -0.997235 0.0743162
1619142113239740759 -0.388999 0.828508 0 0 0 -0.994137 0.108131
1619142113439838568 -0.411651 0.822423 0 0 0 -0.98817 0.153364
1619142113641108504 -0.431983 0.815099 0 0 0 -0.981685 0.190512
1619142113841462197 -0.440972 0.811337 0 0 0 -0.979355 0.202147
1619142114041459226 -0.463232 0.800642 0 0 0 -0.969845 0.243722
1619142114242719473 -0.481294 0.790371 0 0 0 -0.96303 0.269395
1619142114442703324 -0.49853 0.778955 0 0 0 -0.951059 0.30901
1619142114643959561 -0.514274 0.766474 0 0 0 -0.93863 0.344925
1619142114844083463 -0.530969 0.751134 0 0 0 -0.922978 0.384853
1619142115045329961 -0.540939 0.740294 0 0 0 -0.9078 0.419404
1619142115245343237 -0.553178 0.724113 0 0 0 -0.882233 0.470813
1619142115446579681 -0.561122 0.711086 0 0 0 -0.860925 0.508732
1619142115646597489 -0.572681 0.685594 0 0 0 -0.818553 0.57443
1619142115847832215 -0.578239 0.667345 0 0 0 -0.788787 0.614667
1619142116049193606 -0.581673 0.651129 0 0 0 -0.764937 0.644105
1619142116249217767 -0.584663 0.624659 0 0 0 -0.727541 0.686064
1619142116450453741 -0.585101 0.609936 0 0 0 -0.708409 0.705802
1619142116650441600 -0.584699 0.592099 0 0 0 -0.689597 0.724194
1619142116851710803 -0.582668 0.567331 0 0 0 -0.665423 0.746466
1619142117051705588 -0.580073 0.547965 0 0 0 -0.65219 0.758055
1619142117252956562 -0.577142 0.529954 0 0 0 -0.643306 0.765609
1619142117454185556 -0.574003 0.512697 0 0 0 -0.637707 0.770279
1619142117654186643 -0.569849 0.491768 0 0 0 -0.632041 0.774935
1619142117855451574 -0.565479 0.47078 0 0 0 -0.631034 0.775755
1619142118056689162 -0.560939 0.449026 0 0 0 -0.631481 0.775391
1619142118256765090 -0.55739 0.431384 0 0 0 -0.63639 0.771368
1619142118458053875 -0.553529 0.409783 0 0 0 -0.647777 0.76183
1619142118657946315 -0.550993 0.39253 0 0 0 -0.659789 0.751451
1619142118859310151 -0.548347 0.367894 0 0 0 -0.677088 0.735902
1619142119059343370 -0.547045 0.347106 0 0 0 -0.692106 0.721796
1619142119260698560 -0.546582 0.332661 0 0 0 -0.699356 0.714774
1619142119460685477 -0.546336 0.306011 0 0 0 -0.707298 0.706916
1619142119662060405 -0.546403 0.291179 0 0 0 -0.709637 0.704567
1619142119862181280 -0.546615 0.263439 0 0 0 -0.709752 0.704452
1619142120062184759 -0.546703 0.249746 0 0 0 -0.708988 0.70522
1619142120263421041 -0.546828 0.231675 0 0 0 -0.710973 0.703219
1619142120464738156 -0.547859 0.205352 0 0 0 -0.73428 0.678847
1619142120664705750 -0.549643 0.189229 0 0 0 -0.754888 0.655854